0	0
0.1	963.423
0.2	757.558
0.3	597.484
0.4	495.622
0.5	427.298
0.6	378.238
0.7	341.006
0.8	311.553
0.9	287.529
1	267.46
1.1	250.383
1.2	235.634
1.3	222.738
1.4	211.347
1.5	201.196
1.6	192.085
1.7	183.854
1.8	176.374
1.9	169.543
2	163.277
2.1	157.321
2.2	151.822
2.3	146.765
2.4	142.046
2.5	137.654
2.6	133.153
2.7	129.283
2.8	125.652
2.9	122.239
3	119.135
3.1	116.098
3.2	113.226
3.3	110.506
3.4	107.926
3.5	105.475
3.6	103.208
3.7	101.056
3.8	98.9985
3.9	97.0307
4	95.1463
4.1	93.34
4.2	91.6071
4.3	89.9435
4.4	88.3447
4.5	86.8936
4.6	85.4095
4.7	83.9799
4.8	82.6018
4.9	81.2723
5	79.9892
5.1	78.7497
5.2	77.5517
5.3	76.3932
5.4	75.2722
5.5	74.1868
5.6	73.1353
5.7	72.116
5.8	71.1275
5.9	70.1683
6	69.2371
6.1	68.3328
6.2	67.4541
6.3	66.6
6.4	65.7693
6.5	64.9612
6.6	64.1746
6.7	63.4088
6.8	62.6627
6.9	61.9358
7	61.2272
7.1	60.5362
7.2	59.8622
7.3	59.2045
7.4	58.5625
7.5	57.9635
7.6	57.3501
7.7	56.7509
7.8	56.1652
7.9	55.5928
8	55.0332
8.1	54.4859
8.2	53.9504
8.3	53.4263
8.4	52.9134
8.5	52.4112
8.6	51.9194
8.7	51.4376
8.8	50.9656
8.9	50.503
9	50.0496
9.1	49.605
9.2	49.1691
9.3	48.7416
9.4	48.3222
9.5	47.9107
9.6	47.5069
9.7	47.1104
9.8	46.7212
9.9	46.3391
10	45.9637
10.1	45.595
10.2	45.2328
10.3	44.8769
10.4	44.5271
10.5	44.1832
10.6	43.8615
10.7	43.5288
10.8	43.2016
10.9	42.8798
11	42.5632
11.1	42.2517
11.2	41.9452
11.3	41.6436
11.4	41.3468
11.5	41.0545
11.6	40.7668
11.7	40.4835
11.8	40.2046
11.9	39.9298
12	39.6591
12.1	39.3925
12.2	39.1298
12.3	38.871
12.4	38.6159
12.5	38.3645
12.6	38.1167
12.7	37.8724
12.8	37.6316
12.9	37.3941
13	37.1599
13.1	36.9289
13.2	36.7011
13.3	36.4764
13.4	36.2547
13.5	36.0359
13.6	35.8201
13.7	35.6071
13.8	35.3968
13.9	35.1894
14	34.9845
14.1	34.7823
14.2	34.5827
14.3	34.3856
14.4	34.191
14.5	33.9988
14.6	33.8089
14.7	33.6214
14.8	33.4362
14.9	33.2533
15	33.0725
15.1	32.8939
15.2	32.7175
15.3	32.5432
15.4	32.3709
15.5	32.2006
15.6	32.0324
15.7	31.866
15.8	31.7016
15.9	31.5391
16	31.3784
16.1	31.2195
16.2	31.0624
16.3	30.907
16.4	30.7534
16.5	30.6014
16.6	30.4511
16.7	30.3024
16.8	30.1553
16.9	30.0098
17	29.8659
17.1	29.7234
17.2	29.5825
17.3	29.443
17.4	29.305
17.5	29.1684
17.6	29.0333
17.7	28.8995
17.8	28.7671
17.9	28.636
18	28.5062
18.1	28.3778
18.2	28.2506
18.3	28.1246
18.4	28
18.5	27.8765
18.6	27.7543
18.7	27.6332
18.8	27.5133
18.9	27.3946
19	27.277
19.1	27.1605
19.2	27.0452
19.3	26.9309
19.4	26.8176
19.5	26.7055
19.6	26.5943
19.7	26.4842
19.8	26.3752
19.9	26.2671
20	26.1599
20.1	26.0538
20.2	25.9486
20.3	25.8443
20.4	25.741
20.5	25.6386
20.6	25.5371
20.7	25.4365
20.8	25.3368
20.9	25.2379
21	25.1399
21.1	25.0428
21.2	24.9465
21.3	24.851
21.4	24.7563
21.5	24.6624
21.6	24.5694
21.7	24.4771
21.8	24.3855
21.9	24.2948
22	24.2048
22.1	24.1155
22.2	24.0269
22.3	23.9391
22.4	23.852
22.5	23.7656
22.6	23.6799
22.7	23.5949
22.8	23.5106
22.9	23.4269
23	23.3439
23.1	23.2615
23.2	23.1798
23.3	23.0988
23.4	23.0183
23.5	22.9385
23.6	22.8594
23.7	22.7808
23.8	22.7028
23.9	22.6254
24	22.5486
24.1	22.4724
24.2	22.3968
24.3	22.3217
24.4	22.2472
24.5	22.1732
24.6	22.0998
24.7	22.027
24.8	21.9547
24.9	21.8829
25	21.8116
25.1	21.7409
25.2	21.6706
25.3	21.6009
25.4	21.5317
25.5	21.463
25.6	21.3947
25.7	21.327
25.8	21.2597
25.9	21.1929
26	21.1266
26.1	21.0607
26.2	20.9953
26.3	20.9304
26.4	20.8659
26.5	20.8019
26.6	20.7382
26.7	20.6751
26.8	20.6123
26.9	20.55
27	20.4881
27.1	20.4267
27.2	20.3656
27.3	20.305
27.4	20.2447
27.5	20.1849
27.6	20.1254
27.7	20.0664
27.8	20.0077
27.9	19.9494
28	19.8915
28.1	19.834
28.2	19.7769
28.3	19.7201
28.4	19.6637
28.5	19.6076
28.6	19.5519
28.7	19.4966
28.8	19.4416
28.9	19.387
29	19.3327
29.1	19.2788
29.2	19.2251
29.3	19.1719
29.4	19.1189
29.5	19.0663
29.6	19.014
29.7	18.9621
29.8	18.9104
29.9	18.8591
30	18.8081
30.1	18.7574
30.2	18.707
30.3	18.6569
30.4	18.6071
30.5	18.5576
30.6	18.5084
30.7	18.4595
30.8	18.4109
30.9	18.3626
31	18.3146
31.1	18.2668
31.2	18.2193
31.3	18.1722
31.4	18.1252
31.5	18.0786
31.6	18.0323
31.7	17.9862
31.8	17.9403
31.9	17.8948
32	17.8495
32.1	17.8044
32.2	17.7596
32.3	17.7151
32.4	17.6708
32.5	17.6268
32.6	17.583
32.7	17.5395
32.8	17.4962
32.9	17.4532
33	17.4104
33.1	17.3678
33.2	17.3254
33.3	17.2833
33.4	17.2415
33.5	17.1998
33.6	17.1584
33.7	17.1172
33.8	17.0763
33.9	17.0355
34	16.995
34.1	16.9547
34.2	16.9146
34.3	16.8747
34.4	16.8351
34.5	16.7956
34.6	16.7564
34.7	16.7174
34.8	16.6786
34.9	16.6399
35	16.6015
35.1	16.5633
35.2	16.5253
35.3	16.4875
35.4	16.4499
35.5	16.4124
35.6	16.3752
35.7	16.3382
35.8	16.3013
35.9	16.2647
36	16.2282
36.1	16.1919
36.2	16.1558
36.3	16.1199
36.4	16.0841
36.5	16.0486
36.6	16.0132
36.7	15.978
36.8	15.943
36.9	15.9081
37	15.8734
37.1	15.8389
37.2	15.8046
37.3	15.7704
37.4	15.7365
37.5	15.7026
37.6	15.669
37.7	15.6355
37.8	15.6021
37.9	15.569
38	15.536
38.1	15.5031
38.2	15.4704
38.3	15.4379
38.4	15.4055
38.5	15.3733
38.6	15.3412
38.7	15.3093
38.8	15.2775
38.9	15.2459
39	15.2144
39.1	15.1831
39.2	15.152
39.3	15.1209
39.4	15.09
39.5	15.0593
39.6	15.0287
39.7	14.9983
39.8	14.968
39.9	14.9378
40	14.9078
40.1	14.8779
40.2	14.8481
40.3	14.8185
40.4	14.789
40.5	14.7597
40.6	14.7305
40.7	14.7014
40.8	14.6724
40.9	14.6436
41	14.6149
41.1	14.5863
41.2	14.5579
41.3	14.5296
41.4	14.5014
41.5	14.4734
41.6	14.4454
41.7	14.4176
41.8	14.3899
41.9	14.3624
42	14.3349
42.1	14.3076
42.2	14.2804
42.3	14.2534
42.4	14.2264
42.5	14.1995
42.6	14.1728
42.7	14.1462
42.8	14.1197
42.9	14.0933
43	14.0671
43.1	14.0409
43.2	14.0149
43.3	13.9889
43.4	13.9631
43.5	13.9374
43.6	13.9118
43.7	13.8863
43.8	13.8609
43.9	13.8356
44	13.8104
44.1	13.7854
44.2	13.7604
44.3	13.7355
44.4	13.7108
44.5	13.6861
44.6	13.6616
44.7	13.6371
44.8	13.6128
44.9	13.5885
45	13.5644
45.1	13.5403
45.2	13.5164
45.3	13.4925
45.4	13.4688
45.5	13.4451
45.6	13.4215
45.7	13.3981
45.8	13.3747
45.9	13.3514
46	13.3282
46.1	13.3051
46.2	13.2821
46.3	13.2592
46.4	13.2364
46.5	13.2137
46.6	13.191
46.7	13.1685
46.8	13.146
46.9	13.1237
47	13.1014
47.1	13.0792
47.2	13.0571
47.3	13.035
47.4	13.0131
47.5	12.9913
47.6	12.9695
47.7	12.9478
47.8	12.9262
47.9	12.9047
48	12.8833
48.1	12.8619
48.2	12.8407
48.3	12.8195
48.4	12.7984
48.5	12.7773
48.6	12.7564
48.7	12.7355
48.8	12.7148
48.9	12.6941
49	12.6734
49.1	12.6529
49.2	12.6324
49.3	12.612
49.4	12.5917
49.5	12.5715
49.6	12.5513
49.7	12.5312
49.8	12.5112
49.9	12.4912
50	12.4714
50.1	12.4516
50.2	12.4319
50.3	12.4122
50.4	12.3926
50.5	12.3731
50.6	12.3537
50.7	12.3343
50.8	12.3151
50.9	12.2958
51	12.2767
51.1	12.2576
51.2	12.2386
51.3	12.2197
51.4	12.2008
51.5	12.182
51.6	12.1632
51.7	12.1446
51.8	12.126
51.9	12.1074
52	12.0889
52.1	12.0705
52.2	12.0522
52.3	12.0339
52.4	12.0157
52.5	11.9976
52.6	11.9795
52.7	11.9615
52.8	11.9435
52.9	11.9256
53	11.9078
53.1	11.89
53.2	11.8723
53.3	11.8547
53.4	11.8371
53.5	11.8196
53.6	11.8021
53.7	11.7847
53.8	11.7674
53.9	11.7501
54	11.7329
54.1	11.7157
54.2	11.6986
54.3	11.6816
54.4	11.6646
54.5	11.6477
54.6	11.6308
54.7	11.614
54.8	11.5973
54.9	11.5806
55	11.5639
55.1	11.5473
55.2	11.5308
55.3	11.5143
55.4	11.4979
55.5	11.4815
55.6	11.4652
55.7	11.449
55.8	11.4328
55.9	11.4166
56	11.4005
56.1	11.3845
56.2	11.3685
56.3	11.3526
56.4	11.3367
56.5	11.3209
56.6	11.3051
56.7	11.2894
56.8	11.2737
56.9	11.2581
57	11.2425
57.1	11.227
57.2	11.2115
57.3	11.1961
57.4	11.1807
57.5	11.1654
57.6	11.1501
57.7	11.1349
57.8	11.1197
57.9	11.1046
58	11.0895
58.1	11.0745
58.2	11.0595
58.3	11.0446
58.4	11.0297
58.5	11.0148
58.6	11
58.7	10.9853
58.8	10.9706
58.9	10.956
59	10.9413
59.1	10.9268
59.2	10.9123
59.3	10.8978
59.4	10.8834
59.5	10.869
59.6	10.8547
59.7	10.8404
59.8	10.8261
59.9	10.8119
60	10.7978
60.1	10.7837
60.2	10.7696
60.3	10.7556
60.4	10.7416
60.5	10.7277
60.6	10.7138
60.7	10.6999
60.8	10.6861
60.9	10.6723
61	10.6586
61.1	10.6449
61.2	10.6313
61.3	10.6177
61.4	10.6041
61.5	10.5906
61.6	10.5771
61.7	10.5637
61.8	10.5503
61.9	10.5369
62	10.5236
62.1	10.5103
62.2	10.4971
62.3	10.4839
62.4	10.4708
62.5	10.4576
62.6	10.4446
62.7	10.4315
62.8	10.4185
62.9	10.4056
63	10.3926
63.1	10.3798
63.2	10.3669
63.3	10.3541
63.4	10.3413
63.5	10.3286
63.6	10.3159
63.7	10.3032
63.8	10.2906
63.9	10.278
64	10.2655
64.1	10.253
64.2	10.2405
64.3	10.228
64.4	10.2156
64.5	10.2033
64.6	10.1909
64.7	10.1786
64.8	10.1664
64.9	10.1541
65	10.1419
65.1	10.1298
65.2	10.1177
65.3	10.1056
65.4	10.0935
65.5	10.0815
65.6	10.0695
65.7	10.0576
65.8	10.0456
65.9	10.0338
66	10.0219
66.1	10.0101
66.2	9.99831
66.3	9.98656
66.4	9.97484
66.5	9.96316
66.6	9.9515
66.7	9.93988
66.8	9.9283
66.9	9.91674
67	9.90522
67.1	9.89373
67.2	9.88227
67.3	9.87084
67.4	9.85945
67.5	9.84808
67.6	9.83675
67.7	9.82545
67.8	9.81418
67.9	9.80294
68	9.79173
68.1	9.78056
68.2	9.76941
68.3	9.75829
68.4	9.74721
68.5	9.73615
68.6	9.72512
68.7	9.71413
68.8	9.70316
68.9	9.69222
69	9.68132
69.1	9.67044
69.2	9.65959
69.3	9.64877
69.4	9.63798
69.5	9.62722
69.6	9.61649
69.7	9.60579
69.8	9.59511
69.9	9.58447
70	9.57385
70.1	9.56326
70.2	9.5527
70.3	9.54216
70.4	9.53166
70.5	9.52118
70.6	9.51073
70.7	9.50031
70.8	9.48991
70.9	9.47955
71	9.46921
71.1	9.45889
71.2	9.44861
71.3	9.43835
71.4	9.42812
71.5	9.41791
71.6	9.40773
71.7	9.39758
71.8	9.38745
71.9	9.37735
72	9.36728
72.1	9.35723
72.2	9.34721
72.3	9.33722
72.4	9.32725
72.5	9.3173
72.6	9.30738
72.7	9.29749
72.8	9.28762
72.9	9.27778
73	9.26796
73.1	9.25817
73.2	9.24841
73.3	9.23866
73.4	9.22895
73.5	9.21925
73.6	9.20959
73.7	9.19994
73.8	9.19032
73.9	9.18073
74	9.17116
74.1	9.16161
74.2	9.15209
74.3	9.14259
74.4	9.13312
74.5	9.12367
74.6	9.11424
74.7	9.10484
74.8	9.09546
74.9	9.0861
75	9.07677
75.1	9.06746
75.2	9.05817
75.3	9.04891
75.4	9.03967
75.5	9.03045
75.6	9.02125
75.7	9.01208
75.8	9.00293
75.9	8.9938
76	8.9847
76.1	8.97562
76.2	8.96656
76.3	8.95752
76.4	8.9485
76.5	8.93951
76.6	8.93054
76.7	8.92159
76.8	8.91266
76.9	8.90375
77	8.89487
77.1	8.88601
77.2	8.87716
77.3	8.86834
77.4	8.85955
77.5	8.85077
77.6	8.84201
77.7	8.83328
77.8	8.82456
77.9	8.81587
78	8.8072
78.1	8.79854
78.2	8.78991
78.3	8.7813
78.4	8.77271
78.5	8.76414
78.6	8.7556
78.7	8.74707
78.8	8.73856
78.9	8.73008
79	8.72161
79.1	8.71317
79.2	8.70474
79.3	8.69633
79.4	8.68795
79.5	8.67958
79.6	8.67124
79.7	8.66291
79.8	8.6546
79.9	8.64631
80	8.63804
80.1	8.62979
80.2	8.62156
80.3	8.61335
80.4	8.60516
80.5	8.59699
80.6	8.58883
80.7	8.5807
80.8	8.57258
80.9	8.56449
81	8.55641
81.1	8.54835
81.2	8.54031
81.3	8.53228
81.4	8.52428
81.5	8.51629
81.6	8.50833
81.7	8.50038
81.8	8.49245
81.9	8.48453
82	8.47664
82.1	8.46876
82.2	8.4609
82.3	8.45306
82.4	8.44524
82.5	8.43743
82.6	8.42965
82.7	8.42188
82.8	8.41412
82.9	8.40639
83	8.39867
83.1	8.39097
83.2	8.38329
83.3	8.37563
83.4	8.36798
83.5	8.36035
83.6	8.35273
83.7	8.34514
83.8	8.33756
83.9	8.32999
84	8.32245
84.1	8.31492
84.2	8.30741
84.3	8.29991
84.4	8.29243
84.5	8.28497
84.6	8.27752
84.7	8.27009
84.8	8.26268
84.9	8.25528
85	8.2479
85.1	8.24054
85.2	8.23319
85.3	8.22586
85.4	8.21855
85.5	8.21125
85.6	8.20396
85.7	8.1967
85.8	8.18944
85.9	8.18221
86	8.17499
86.1	8.16778
86.2	8.1606
86.3	8.15342
86.4	8.14627
86.5	8.13912
86.6	8.132
86.7	8.12489
86.8	8.11779
86.9	8.11071
87	8.10365
87.1	8.0966
87.2	8.08956
87.3	8.08254
87.4	8.07554
87.5	8.06855
87.6	8.06157
87.7	8.05462
87.8	8.04767
87.9	8.04074
88	8.03383
88.1	8.02693
88.2	8.02004
88.3	8.01317
88.4	8.00631
88.5	7.99947
88.6	7.99264
88.7	7.98583
88.8	7.97903
88.9	7.97225
89	7.96548
89.1	7.95872
89.2	7.95198
89.3	7.94526
89.4	7.93854
89.5	7.93184
89.6	7.92516
89.7	7.91849
89.8	7.91183
89.9	7.90519
90	7.89856
90.1	7.89195
90.2	7.88534
90.3	7.87876
90.4	7.87218
90.5	7.86562
90.6	7.85907
90.7	7.85254
90.8	7.84602
90.9	7.83952
91	7.83302
91.1	7.82654
91.2	7.82008
91.3	7.81362
91.4	7.80719
91.5	7.80076
91.6	7.79435
91.7	7.78795
91.8	7.78156
91.9	7.77519
92	7.76883
92.1	7.76248
92.2	7.75614
92.3	7.74982
92.4	7.74351
92.5	7.73722
92.6	7.73094
92.7	7.72467
92.8	7.71841
92.9	7.71216
93	7.70593
93.1	7.69971
93.2	7.69351
93.3	7.68731
93.4	7.68113
93.5	7.67496
93.6	7.6688
93.7	7.66266
93.8	7.65653
93.9	7.65041
94	7.6443
94.1	7.6382
94.2	7.63212
94.3	7.62605
94.4	7.61999
94.5	7.61394
94.6	7.60791
94.7	7.60189
94.8	7.59588
94.9	7.58988
95	7.58389
95.1	7.57791
95.2	7.57195
95.3	7.566
95.4	7.56006
95.5	7.55413
95.6	7.54821
95.7	7.54231
95.8	7.53641
95.9	7.53053
96	7.52466
96.1	7.5188
96.2	7.51296
96.3	7.50712
96.4	7.5013
96.5	7.49548
96.6	7.48968
96.7	7.48389
96.8	7.47811
96.9	7.47234
97	7.46659
97.1	7.46084
97.2	7.4551
97.3	7.44938
97.4	7.44367
97.5	7.43797
97.6	7.43228
97.7	7.4266
97.8	7.42093
97.9	7.41527
98	7.40962
98.1	7.40399
98.2	7.39836
98.3	7.39275
98.4	7.38715
98.5	7.38155
98.6	7.37597
98.7	7.3704
98.8	7.36484
98.9	7.35929
99	7.35375
99.1	7.34822
99.2	7.3427
99.3	7.33719
99.4	7.33169
99.5	7.32621
99.6	7.32073
99.7	7.31526
99.8	7.30981
99.9	7.30436
100	7.29892
100.1	7.2935
100.2	7.28808
100.3	7.28268
100.4	7.27728
100.5	7.2719
100.6	7.26652
100.7	7.26116
100.8	7.2558
100.9	7.25046
101	7.24512
101.1	7.2398
101.2	7.23448
101.3	7.22918
101.4	7.22388
101.5	7.2186
101.6	7.21332
101.7	7.20806
101.8	7.2028
101.9	7.19755
102	7.19232
102.1	7.18709
102.2	7.18187
102.3	7.17666
102.4	7.17147
102.5	7.16628
102.6	7.1611
102.7	7.15593
102.8	7.15077
102.9	7.14562
103	7.14048
103.1	7.13534
103.2	7.13022
103.3	7.12511
103.4	7.12001
103.5	7.11491
103.6	7.10983
103.7	7.10475
103.8	7.09968
103.9	7.09463
104	7.08958
104.1	7.08454
104.2	7.07951
104.3	7.07449
104.4	7.06948
104.5	7.06447
104.6	7.05948
104.7	7.0545
104.8	7.04952
104.9	7.04456
105	7.0396
105.1	7.03465
105.2	7.02971
105.3	7.02478
105.4	7.01986
105.5	7.01495
105.6	7.01004
105.7	7.00515
105.8	7.00026
105.9	6.99538
106	6.99052
106.1	6.98566
106.2	6.9808
106.3	6.97596
106.4	6.97113
106.5	6.9663
106.6	6.96148
106.7	6.95667
106.8	6.95187
106.9	6.94708
107	6.9423
107.1	6.93752
107.2	6.93276
107.3	6.928
107.4	6.92325
107.5	6.91851
107.6	6.91378
107.7	6.90905
107.8	6.90433
107.9	6.89963
108	6.89493
108.1	6.89023
108.2	6.88555
108.3	6.88087
108.4	6.87621
108.5	6.87155
108.6	6.8669
108.7	6.86225
108.8	6.85762
108.9	6.85299
109	6.84837
109.1	6.84376
109.2	6.83916
109.3	6.83456
109.4	6.82998
109.5	6.8254
109.6	6.82083
109.7	6.81626
109.8	6.81171
109.9	6.80716
110	6.80262
110.1	6.79809
110.2	6.79356
110.3	6.78905
110.4	6.78454
110.5	6.78004
110.6	6.77555
110.7	6.77106
110.8	6.76658
110.9	6.76211
111	6.75765
111.1	6.75319
111.2	6.74875
111.3	6.74431
111.4	6.73987
111.5	6.73545
111.6	6.73103
111.7	6.72662
111.8	6.72222
111.9	6.71782
112	6.71343
112.1	6.70905
112.2	6.70468
112.3	6.70032
112.4	6.69596
112.5	6.69161
112.6	6.68726
112.7	6.68293
112.8	6.6786
112.9	6.67428
113	6.66996
113.1	6.66565
113.2	6.66135
113.3	6.65706
113.4	6.65277
113.5	6.6485
113.6	6.64422
113.7	6.63996
113.8	6.6357
113.9	6.63145
114	6.62721
114.1	6.62297
114.2	6.61874
114.3	6.61452
114.4	6.61031
114.5	6.6061
114.6	6.6019
114.7	6.5977
114.8	6.59351
114.9	6.58933
115	6.58516
115.1	6.58099
115.2	6.57683
115.3	6.57268
115.4	6.56853
115.5	6.56439
115.6	6.56026
115.7	6.55614
115.8	6.55202
115.9	6.5479
116	6.5438
116.1	6.5397
116.2	6.53561
116.3	6.53152
116.4	6.52744
116.5	6.52337
116.6	6.5193
116.7	6.51524
116.8	6.51119
116.9	6.50714
117	6.5031
117.1	6.49907
117.2	6.49504
117.3	6.49102
117.4	6.48701
117.5	6.483
117.6	6.479
117.7	6.47501
117.8	6.47102
117.9	6.46704
118	6.46306
118.1	6.4591
118.2	6.45513
118.3	6.45118
118.4	6.44723
118.5	6.44328
118.6	6.43935
118.7	6.43542
118.8	6.43149
118.9	6.42757
119	6.42366
119.1	6.41976
119.2	6.41586
119.3	6.41196
119.4	6.40808
119.5	6.4042
119.6	6.40032
119.7	6.39645
119.8	6.39259
119.9	6.38873
120	6.38488
120.1	6.38104
120.2	6.3772
120.3	6.37337
120.4	6.36954
120.5	6.36572
120.6	6.36191
120.7	6.3581
120.8	6.3543
120.9	6.3505
121	6.34671
121.1	6.34292
121.2	6.33915
121.3	6.33537
121.4	6.33161
121.5	6.32785
121.6	6.32409
121.7	6.32034
121.8	6.3166
121.9	6.31286
122	6.30913
122.1	6.3054
122.2	6.30168
122.3	6.29797
122.4	6.29426
122.5	6.29056
122.6	6.28686
122.7	6.28317
122.8	6.27948
122.9	6.2758
123	6.27213
123.1	6.26846
123.2	6.2648
123.3	6.26114
123.4	6.25749
123.5	6.25384
123.6	6.2502
123.7	6.24657
123.8	6.24294
123.9	6.23932
124	6.2357
124.1	6.23209
124.2	6.22848
124.3	6.22488
124.4	6.22128
124.5	6.21769
124.6	6.21411
124.7	6.21053
124.8	6.20696
124.9	6.20339
125	6.19982
125.1	6.19627
125.2	6.19271
125.3	6.18917
125.4	6.18562
125.5	6.18209
125.6	6.17856
125.7	6.17503
125.8	6.17151
125.9	6.168
126	6.16449
126.1	6.16098
126.2	6.15748
126.3	6.15399
126.4	6.1505
126.5	6.14702
126.6	6.14354
126.7	6.14007
126.8	6.1366
126.9	6.13314
127	6.12968
127.1	6.12623
127.2	6.12278
127.3	6.11934
127.4	6.1159
127.5	6.11247
127.6	6.10904
127.7	6.10562
127.8	6.10221
127.9	6.09879
128	6.09539
128.1	6.09199
128.2	6.08859
128.3	6.0852
128.4	6.08181
128.5	6.07843
128.6	6.07506
128.7	6.07169
128.8	6.06832
128.9	6.06496
129	6.0616
129.1	6.05825
129.2	6.0549
129.3	6.05156
129.4	6.04823
129.5	6.04489
129.6	6.04157
129.7	6.03825
129.8	6.03493
129.9	6.03162
130	6.02831
130.1	6.02501
130.2	6.02171
130.3	6.01842
130.4	6.01513
130.5	6.01184
130.6	6.00857
130.7	6.00529
130.8	6.00202
130.9	5.99876
131	5.9955
131.1	5.99224
131.2	5.98899
131.3	5.98575
131.4	5.98251
131.5	5.97927
131.6	5.97604
131.7	5.97281
131.8	5.96959
131.9	5.96638
132	5.96316
132.1	5.95995
132.2	5.95675
132.3	5.95355
132.4	5.95036
132.5	5.94717
132.6	5.94398
132.7	5.9408
132.8	5.93763
132.9	5.93445
133	5.93129
133.1	5.92813
133.2	5.92497
133.3	5.92181
133.4	5.91867
133.5	5.91552
133.6	5.91238
133.7	5.90925
133.8	5.90611
133.9	5.90299
134	5.89987
134.1	5.89675
134.2	5.89363
134.3	5.89053
134.4	5.88742
134.5	5.88432
134.6	5.88123
134.7	5.87813
134.8	5.87505
134.9	5.87196
135	5.86889
135.1	5.86581
135.2	5.86274
135.3	5.85968
135.4	5.85662
135.5	5.85356
135.6	5.85051
135.7	5.84746
135.8	5.84442
135.9	5.84138
136	5.83834
136.1	5.83531
136.2	5.83228
136.3	5.82926
136.4	5.82624
136.5	5.82323
136.6	5.82022
136.7	5.81721
136.8	5.81421
136.9	5.81121
137	5.80822
137.1	5.80523
137.2	5.80224
137.3	5.79926
137.4	5.79629
137.5	5.79331
137.6	5.79035
137.7	5.78738
137.8	5.78442
137.9	5.78147
138	5.77851
138.1	5.77557
138.2	5.77262
138.3	5.76968
138.4	5.76675
138.5	5.76381
138.6	5.76089
138.7	5.75796
138.8	5.75504
138.9	5.75213
139	5.74921
139.1	5.74631
139.2	5.7434
139.3	5.7405
139.4	5.73761
139.5	5.73472
139.6	5.73183
139.7	5.72894
139.8	5.72606
139.9	5.72319
140	5.72031
140.1	5.71745
140.2	5.71458
140.3	5.71172
140.4	5.70886
140.5	5.70601
140.6	5.70316
140.7	5.70032
140.8	5.69748
140.9	5.69464
141	5.69181
141.1	5.68898
141.2	5.68615
141.3	5.68333
141.4	5.68051
141.5	5.67769
141.6	5.67488
141.7	5.67208
141.8	5.66927
141.9	5.66647
142	5.66368
142.1	5.66089
142.2	5.6581
142.3	5.65531
142.4	5.65253
142.5	5.64976
142.6	5.64698
142.7	5.64421
142.8	5.64145
142.9	5.63869
143	5.63593
143.1	5.63317
143.2	5.63042
143.3	5.62767
143.4	5.62493
143.5	5.62219
143.6	5.61945
143.7	5.61672
143.8	5.61399
143.9	5.61126
144	5.60854
144.1	5.60582
144.2	5.60311
144.3	5.6004
144.4	5.59769
144.5	5.59499
144.6	5.59229
144.7	5.58959
144.8	5.58689
144.9	5.58421
145	5.58152
145.1	5.57884
145.2	5.57616
145.3	5.57348
145.4	5.57081
145.5	5.56814
145.6	5.56547
145.7	5.56281
145.8	5.56015
145.9	5.5575
146	5.55485
146.1	5.5522
146.2	5.54956
146.3	5.54691
146.4	5.54428
146.5	5.54164
146.6	5.53901
146.7	5.53638
146.8	5.53376
146.9	5.53114
147	5.52852
147.1	5.52591
147.2	5.5233
147.3	5.52069
147.4	5.51809
147.5	5.51549
147.6	5.51289
147.7	5.5103
147.8	5.50771
147.9	5.50512
148	5.50254
148.1	5.49996
148.2	5.49738
148.3	5.49481
148.4	5.49224
148.5	5.48967
148.6	5.48711
148.7	5.48455
148.8	5.48199
148.9	5.47944
149	5.47689
149.1	5.47434
149.2	5.4718
149.3	5.46926
149.4	5.46672
149.5	5.46418
149.6	5.46165
149.7	5.45913
149.8	5.4566
149.9	5.45408
150	5.45156
150.1	5.44905
150.2	5.44654
150.3	5.44403
150.4	5.44152
150.5	5.43902
150.6	5.43652
150.7	5.43402
150.8	5.43153
150.9	5.42904
151	5.42656
151.1	5.42407
151.2	5.42159
151.3	5.41912
151.4	5.41664
151.5	5.41417
151.6	5.41171
151.7	5.40924
151.8	5.40678
151.9	5.40432
152	5.40187
152.1	5.39941
152.2	5.39697
152.3	5.39452
152.4	5.39208
152.5	5.38964
152.6	5.3872
152.7	5.38477
152.8	5.38234
152.9	5.37991
153	5.37748
153.1	5.37506
153.2	5.37264
153.3	5.37023
153.4	5.36782
153.5	5.36541
153.6	5.363
153.7	5.3606
153.8	5.3582
153.9	5.3558
154	5.35341
154.1	5.35101
154.2	5.34863
154.3	5.34624
154.4	5.34386
154.5	5.34148
154.6	5.3391
154.7	5.33673
154.8	5.33436
154.9	5.33199
155	5.32962
155.1	5.32726
155.2	5.3249
155.3	5.32255
155.4	5.32019
155.5	5.31784
155.6	5.31549
155.7	5.31315
155.8	5.31081
155.9	5.30847
156	5.30613
156.1	5.3038
156.2	5.30147
156.3	5.29914
156.4	5.29682
156.5	5.2945
156.6	5.29218
156.7	5.28986
156.8	5.28755
156.9	5.28524
157	5.28293
157.1	5.28063
157.2	5.27832
157.3	5.27603
157.4	5.27373
157.5	5.27144
157.6	5.26915
157.7	5.26686
157.8	5.26457
157.9	5.26229
158	5.26001
158.1	5.25774
158.2	5.25546
158.3	5.25319
158.4	5.25092
158.5	5.24866
158.6	5.2464
158.7	5.24414
158.8	5.24188
158.9	5.23962
159	5.23737
159.1	5.23512
159.2	5.23288
159.3	5.23063
159.4	5.22839
159.5	5.22615
159.6	5.22392
159.7	5.22168
159.8	5.21945
159.9	5.21723
160	5.215
160.1	5.21278
160.2	5.21056
160.3	5.20834
160.4	5.20613
160.5	5.20392
160.6	5.20171
160.7	5.1995
160.8	5.1973
160.9	5.1951
161	5.1929
161.1	5.1907
161.2	5.18851
161.3	5.18632
161.4	5.18413
161.5	5.18194
161.6	5.17976
161.7	5.17758
161.8	5.1754
161.9	5.17323
162	5.17106
162.1	5.16889
162.2	5.16672
162.3	5.16455
162.4	5.16239
162.5	5.16023
162.6	5.15807
162.7	5.15592
162.8	5.15377
162.9	5.15162
163	5.14947
163.1	5.14733
163.2	5.14518
163.3	5.14304
163.4	5.14091
163.5	5.13877
163.6	5.13664
163.7	5.13451
163.8	5.13238
163.9	5.13026
164	5.12814
164.1	5.12602
164.2	5.1239
164.3	5.12179
164.4	5.11967
164.5	5.11756
164.6	5.11546
164.7	5.11335
164.8	5.11125
164.9	5.10915
165	5.10705
165.1	5.10496
165.2	5.10286
165.3	5.10077
165.4	5.09869
165.5	5.0966
165.6	5.09452
165.7	5.09244
165.8	5.09036
165.9	5.08828
166	5.08621
166.1	5.08414
166.2	5.08207
166.3	5.08
166.4	5.07794
166.5	5.07588
166.6	5.07382
166.7	5.07176
166.8	5.06971
166.9	5.06766
167	5.06561
167.1	5.06356
167.2	5.06152
167.3	5.05947
167.4	5.05743
167.5	5.0554
167.6	5.05336
167.7	5.05133
167.8	5.0493
167.9	5.04727
168	5.04524
168.1	5.04322
168.2	5.0412
168.3	5.03918
168.4	5.03716
168.5	5.03515
168.6	5.03313
168.7	5.03112
168.8	5.02912
168.9	5.02711
169	5.02511
169.1	5.02311
169.2	5.02111
169.3	5.01911
169.4	5.01712
169.5	5.01513
169.6	5.01314
169.7	5.01115
169.8	5.00916
169.9	5.00718
170	5.0052
170.1	5.00322
170.2	5.00124
170.3	4.99927
170.4	4.9973
170.5	4.99533
170.6	4.99336
170.7	4.9914
170.8	4.98943
170.9	4.98747
171	4.98552
171.1	4.98356
171.2	4.98161
171.3	4.97965
171.4	4.9777
171.5	4.97576
171.6	4.97381
171.7	4.97187
171.8	4.96993
171.9	4.96799
172	4.96605
172.1	4.96412
172.2	4.96218
172.3	4.96025
172.4	4.95833
172.5	4.9564
172.6	4.95448
172.7	4.95256
172.8	4.95064
172.9	4.94872
173	4.9468
173.1	4.94489
173.2	4.94298
173.3	4.94107
173.4	4.93916
173.5	4.93726
173.6	4.93536
173.7	4.93346
173.8	4.93156
173.9	4.92966
174	4.92777
174.1	4.92588
174.2	4.92399
174.3	4.9221
174.4	4.92021
174.5	4.91833
174.6	4.91645
174.7	4.91457
174.8	4.91269
174.9	4.91082
175	4.90894
175.1	4.90707
175.2	4.9052
175.3	4.90334
175.4	4.90147
175.5	4.89961
175.6	4.89775
175.7	4.89589
175.8	4.89403
175.9	4.89218
176	4.89032
176.1	4.88847
176.2	4.88662
176.3	4.88478
176.4	4.88293
176.5	4.88109
176.6	4.87925
176.7	4.87741
176.8	4.87557
176.9	4.87374
177	4.8719
177.1	4.87007
177.2	4.86825
177.3	4.86642
177.4	4.86459
177.5	4.86277
177.6	4.86095
177.7	4.85913
177.8	4.85731
177.9	4.8555
178	4.85369
178.1	4.85187
178.2	4.85007
178.3	4.84826
178.4	4.84645
178.5	4.84465
178.6	4.84285
178.7	4.84105
178.8	4.83925
178.9	4.83746
179	4.83566
179.1	4.83387
179.2	4.83208
179.3	4.83029
179.4	4.82851
179.5	4.82672
179.6	4.82494
179.7	4.82316
179.8	4.82138
179.9	4.81961
180	4.81783
180.1	4.81606
180.2	4.81429
180.3	4.81252
180.4	4.81075
180.5	4.80899
180.6	4.80723
180.7	4.80547
180.8	4.80371
180.9	4.80195
181	4.80019
181.1	4.79844
181.2	4.79669
181.3	4.79494
181.4	4.79319
181.5	4.79144
181.6	4.7897
181.7	4.78796
181.8	4.78622
181.9	4.78448
182	4.78274
182.1	4.781
182.2	4.77927
182.3	4.77754
182.4	4.77581
182.5	4.77408
182.6	4.77236
182.7	4.77063
182.8	4.76891
182.9	4.76719
183	4.76547
183.1	4.76375
183.2	4.76204
183.3	4.76032
183.4	4.75861
183.5	4.7569
183.6	4.7552
183.7	4.75349
183.8	4.75178
183.9	4.75008
184	4.74838
184.1	4.74668
184.2	4.74499
184.3	4.74329
184.4	4.7416
184.5	4.7399
184.6	4.73821
184.7	4.73653
184.8	4.73484
184.9	4.73316
185	4.73147
185.1	4.72979
185.2	4.72811
185.3	4.72643
185.4	4.72476
185.5	4.72308
185.6	4.72141
185.7	4.71974
185.8	4.71807
185.9	4.7164
186	4.71474
186.1	4.71308
186.2	4.71141
186.3	4.70975
186.4	4.70809
186.5	4.70644
186.6	4.70478
186.7	4.70313
186.8	4.70148
186.9	4.69983
187	4.69818
187.1	4.69653
187.2	4.69489
187.3	4.69324
187.4	4.6916
187.5	4.68996
187.6	4.68832
187.7	4.68669
187.8	4.68505
187.9	4.68342
188	4.68179
188.1	4.68016
188.2	4.67853
188.3	4.6769
188.4	4.67528
188.5	4.67366
188.6	4.67203
188.7	4.67042
188.8	4.6688
188.9	4.66718
189	4.66557
189.1	4.66395
189.2	4.66234
189.3	4.66073
189.4	4.65912
189.5	4.65752
189.6	4.65591
189.7	4.65431
189.8	4.65271
189.9	4.65111
190	4.64951
190.1	4.64791
190.2	4.64632
190.3	4.64472
190.4	4.64313
190.5	4.64154
190.6	4.63995
190.7	4.63836
190.8	4.63678
190.9	4.63519
191	4.63361
191.1	4.63203
191.2	4.63045
191.3	4.62887
191.4	4.6273
191.5	4.62572
191.6	4.62415
191.7	4.62258
191.8	4.62101
191.9	4.61944
192	4.61788
192.1	4.61631
192.2	4.61475
192.3	4.61319
192.4	4.61163
192.5	4.61007
192.6	4.60851
192.7	4.60696
192.8	4.6054
192.9	4.60385
193	4.6023
193.1	4.60075
193.2	4.5992
193.3	4.59766
193.4	4.59611
193.5	4.59457
193.6	4.59303
193.7	4.59149
193.8	4.58995
193.9	4.58841
194	4.58688
194.1	4.58534
194.2	4.58381
194.3	4.58228
194.4	4.58075
194.5	4.57922
194.6	4.57769
194.7	4.57617
194.8	4.57465
194.9	4.57313
195	4.57161
195.1	4.57009
195.2	4.56857
195.3	4.56705
195.4	4.56554
195.5	4.56403
195.6	4.56252
195.7	4.56101
195.8	4.5595
195.9	4.55799
196	4.55649
196.1	4.55498
196.2	4.55348
196.3	4.55198
196.4	4.55048
196.5	4.54898
196.6	4.54749
196.7	4.54599
196.8	4.5445
196.9	4.54301
197	4.54151
197.1	4.54003
197.2	4.53854
197.3	4.53705
197.4	4.53557
197.5	4.53408
197.6	4.5326
197.7	4.53112
197.8	4.52964
197.9	4.52817
198	4.52669
198.1	4.52522
198.2	4.52374
198.3	4.52227
198.4	4.5208
198.5	4.51933
198.6	4.51787
198.7	4.5164
198.8	4.51493
198.9	4.51347
199	4.51201
199.1	4.51055
199.2	4.50909
199.3	4.50763
199.4	4.50618
199.5	4.50472
199.6	4.50327
199.7	4.50182
199.8	4.50037
199.9	4.49892
200	4.49747
200.1	4.49603
200.2	4.49458
200.3	4.49314
200.4	4.4917
200.5	4.49026
200.6	4.48882
200.7	4.48738
200.8	4.48594
200.9	4.48451
201	4.48307
201.1	4.48164
201.2	4.48021
201.3	4.47878
201.4	4.47735
201.5	4.47593
201.6	4.4745
201.7	4.47308
201.8	4.47165
201.9	4.47023
202	4.46881
202.1	4.4674
202.2	4.46598
202.3	4.46456
202.4	4.46315
202.5	4.46173
202.6	4.46032
202.7	4.45891
202.8	4.4575
202.9	4.4561
203	4.45469
203.1	4.45328
203.2	4.45188
203.3	4.45048
203.4	4.44908
203.5	4.44768
203.6	4.44628
203.7	4.44488
203.8	4.44349
203.9	4.44209
204	4.4407
204.1	4.43931
204.2	4.43792
204.3	4.43653
204.4	4.43514
204.5	4.43375
204.6	4.43237
204.7	4.43099
204.8	4.4296
204.9	4.42822
205	4.42684
205.1	4.42546
205.2	4.42409
205.3	4.42271
205.4	4.42134
205.5	4.41996
205.6	4.41859
205.7	4.41722
205.8	4.41585
205.9	4.41448
206	4.41312
206.1	4.41175
206.2	4.41039
206.3	4.40902
206.4	4.40766
206.5	4.4063
206.6	4.40494
206.7	4.40358
206.8	4.40223
206.9	4.40087
207	4.39952
207.1	4.39816
207.2	4.39681
207.3	4.39546
207.4	4.39411
207.5	4.39277
207.6	4.39142
207.7	4.39007
207.8	4.38873
207.9	4.38739
208	4.38605
208.1	4.38471
208.2	4.38337
208.3	4.38203
208.4	4.38069
208.5	4.37936
208.6	4.37802
208.7	4.37669
208.8	4.37536
208.9	4.37403
209	4.3727
209.1	4.37137
209.2	4.37004
209.3	4.36872
209.4	4.3674
209.5	4.36607
209.6	4.36475
209.7	4.36343
209.8	4.36211
209.9	4.36079
210	4.35948
210.1	4.35816
210.2	4.35685
210.3	4.35554
210.4	4.35422
210.5	4.35291
210.6	4.3516
210.7	4.3503
210.8	4.34899
210.9	4.34768
211	4.34638
211.1	4.34508
211.2	4.34377
211.3	4.34247
211.4	4.34117
211.5	4.33987
211.6	4.33858
211.7	4.33728
211.8	4.33599
211.9	4.33469
212	4.3334
212.1	4.33211
212.2	4.33082
212.3	4.32953
212.4	4.32824
212.5	4.32696
212.6	4.32567
212.7	4.32439
212.8	4.3231
212.9	4.32182
213	4.32054
213.1	4.31926
213.2	4.31798
213.3	4.3167
213.4	4.31543
213.5	4.31415
213.6	4.31288
213.7	4.31161
213.8	4.31034
213.9	4.30907
214	4.3078
214.1	4.30653
214.2	4.30526
214.3	4.304
214.4	4.30273
214.5	4.30147
214.6	4.30021
214.7	4.29894
214.8	4.29768
214.9	4.29643
215	4.29517
215.1	4.29391
215.2	4.29266
215.3	4.2914
215.4	4.29015
215.5	4.2889
215.6	4.28765
215.7	4.2864
215.8	4.28515
215.9	4.2839
216	4.28265
216.1	4.28141
216.2	4.28016
216.3	4.27892
216.4	4.27768
216.5	4.27644
216.6	4.2752
216.7	4.27396
216.8	4.27272
216.9	4.27149
217	4.27025
217.1	4.26902
217.2	4.26778
217.3	4.26655
217.4	4.26532
217.5	4.26409
217.6	4.26286
217.7	4.26163
217.8	4.26041
217.9	4.25918
218	4.25796
218.1	4.25674
218.2	4.25551
218.3	4.25429
218.4	4.25307
218.5	4.25185
218.6	4.25064
218.7	4.24942
218.8	4.2482
218.9	4.24699
219	4.24578
219.1	4.24456
219.2	4.24335
219.3	4.24214
219.4	4.24093
219.5	4.23973
219.6	4.23852
219.7	4.23731
219.8	4.23611
219.9	4.2349
220	4.2337
220.1	4.2325
220.2	4.2313
220.3	4.2301
220.4	4.2289
220.5	4.2277
220.6	4.22651
220.7	4.22531
220.8	4.22412
220.9	4.22292
221	4.22173
221.1	4.22054
221.2	4.21935
221.3	4.21816
221.4	4.21697
221.5	4.21579
221.6	4.2146
221.7	4.21342
221.8	4.21223
221.9	4.21105
222	4.20987
222.1	4.20869
222.2	4.20751
222.3	4.20633
222.4	4.20515
222.5	4.20398
222.6	4.2028
222.7	4.20163
222.8	4.20045
222.9	4.19928
223	4.19811
223.1	4.19694
223.2	4.19577
223.3	4.1946
223.4	4.19343
223.5	4.19227
223.6	4.1911
223.7	4.18994
223.8	4.18878
223.9	4.18761
224	4.18645
224.1	4.18529
224.2	4.18413
224.3	4.18297
224.4	4.18182
224.5	4.18066
224.6	4.17951
224.7	4.17835
224.8	4.1772
224.9	4.17605
225	4.1749
225.1	4.17375
225.2	4.1726
225.3	4.17145
225.4	4.1703
225.5	4.16916
225.6	4.16801
225.7	4.16687
225.8	4.16572
225.9	4.16458
226	4.16344
226.1	4.1623
226.2	4.16116
226.3	4.16002
226.4	4.15888
226.5	4.15775
226.6	4.15661
226.7	4.15548
226.8	4.15435
226.9	4.15321
227	4.15208
227.1	4.15095
227.2	4.14982
227.3	4.14869
227.4	4.14757
227.5	4.14644
227.6	4.14531
227.7	4.14419
227.8	4.14306
227.9	4.14194
228	4.14082
228.1	4.1397
228.2	4.13858
228.3	4.13746
228.4	4.13634
228.5	4.13523
228.6	4.13411
228.7	4.13299
228.8	4.13188
228.9	4.13077
229	4.12966
229.1	4.12854
229.2	4.12743
229.3	4.12632
229.4	4.12522
229.5	4.12411
229.6	4.123
229.7	4.1219
229.8	4.12079
229.9	4.11969
230	4.11859
230.1	4.11748
230.2	4.11638
230.3	4.11528
230.4	4.11418
230.5	4.11309
230.6	4.11199
230.7	4.11089
230.8	4.1098
230.9	4.1087
231	4.10761
231.1	4.10652
231.2	4.10542
231.3	4.10433
231.4	4.10324
231.5	4.10215
231.6	4.10107
231.7	4.09998
231.8	4.09889
231.9	4.09781
232	4.09672
232.1	4.09564
232.2	4.09456
232.3	4.09348
232.4	4.0924
232.5	4.09132
232.6	4.09024
232.7	4.08916
232.8	4.08808
232.9	4.08701
233	4.08593
233.1	4.08486
233.2	4.08378
233.3	4.08271
233.4	4.08164
233.5	4.08057
233.6	4.0795
233.7	4.07843
233.8	4.07736
233.9	4.07629
234	4.07523
234.1	4.07416
234.2	4.0731
234.3	4.07204
234.4	4.07097
234.5	4.06991
234.6	4.06885
234.7	4.06779
234.8	4.06673
234.9	4.06567
235	4.06461
235.1	4.06356
235.2	4.0625
235.3	4.06145
235.4	4.06039
235.5	4.05934
235.6	4.05829
235.7	4.05724
235.8	4.05619
235.9	4.05514
236	4.05409
236.1	4.05304
236.2	4.05199
236.3	4.05095
236.4	4.0499
236.5	4.04886
236.6	4.04782
236.7	4.04677
236.8	4.04573
236.9	4.04469
237	4.04365
237.1	4.04261
237.2	4.04157
237.3	4.04054
237.4	4.0395
237.5	4.03846
237.6	4.03743
237.7	4.03639
237.8	4.03536
237.9	4.03433
238	4.0333
238.1	4.03227
238.2	4.03124
238.3	4.03021
238.4	4.02918
238.5	4.02815
238.6	4.02713
238.7	4.0261
238.8	4.02508
238.9	4.02405
239	4.02303
239.1	4.02201
239.2	4.02099
239.3	4.01996
239.4	4.01894
239.5	4.01793
239.6	4.01691
239.7	4.01589
239.8	4.01487
239.9	4.01386
240	4.01284
240.1	4.01183
240.2	4.01082
240.3	4.0098
240.4	4.00879
240.5	4.00778
240.6	4.00677
240.7	4.00576
240.8	4.00476
240.9	4.00375
241	4.00274
241.1	4.00174
241.2	4.00073
241.3	3.99973
241.4	3.99872
241.5	3.99772
241.6	3.99672
241.7	3.99572
241.8	3.99472
241.9	3.99372
242	3.99272
242.1	3.99172
242.2	3.99073
242.3	3.98973
242.4	3.98874
242.5	3.98774
242.6	3.98675
242.7	3.98576
242.8	3.98476
242.9	3.98377
243	3.98278
243.1	3.98179
243.2	3.9808
243.3	3.97982
243.4	3.97883
243.5	3.97784
243.6	3.97686
243.7	3.97587
243.8	3.97489
243.9	3.97391
244	3.97292
244.1	3.97194
244.2	3.97096
244.3	3.96998
244.4	3.969
244.5	3.96802
244.6	3.96705
244.7	3.96607
244.8	3.96509
244.9	3.96412
245	3.96314
245.1	3.96217
245.2	3.9612
245.3	3.96022
245.4	3.95925
245.5	3.95828
245.6	3.95731
245.7	3.95634
245.8	3.95538
245.9	3.95441
246	3.95344
246.1	3.95248
246.2	3.95151
246.3	3.95055
246.4	3.94958
246.5	3.94862
246.6	3.94766
246.7	3.9467
246.8	3.94574
246.9	3.94478
247	3.94382
247.1	3.94286
247.2	3.9419
247.3	3.94094
247.4	3.93999
247.5	3.93903
247.6	3.93808
247.7	3.93712
247.8	3.93617
247.9	3.93522
248	3.93427
248.1	3.93332
248.2	3.93237
248.3	3.93142
248.4	3.93047
248.5	3.92952
248.6	3.92858
248.7	3.92763
248.8	3.92668
248.9	3.92574
249	3.92479
249.1	3.92385
249.2	3.92291
249.3	3.92197
249.4	3.92103
249.5	3.92009
249.6	3.91915
249.7	3.91821
249.8	3.91727
249.9	3.91633
250	3.9154
250.1	3.91446
250.2	3.91353
250.3	3.91259
250.4	3.91166
250.5	3.91072
250.6	3.90979
250.7	3.90886
250.8	3.90793
250.9	3.907
251	3.90607
251.1	3.90514
251.2	3.90421
251.3	3.90329
251.4	3.90236
251.5	3.90144
251.6	3.90051
251.7	3.89959
251.8	3.89866
251.9	3.89774
252	3.89682
252.1	3.8959
252.2	3.89498
252.3	3.89406
252.4	3.89314
252.5	3.89222
252.6	3.8913
252.7	3.89038
252.8	3.88947
252.9	3.88855
253	3.88764
253.1	3.88672
253.2	3.88581
253.3	3.8849
253.4	3.88399
253.5	3.88307
253.6	3.88216
253.7	3.88125
253.8	3.88034
253.9	3.87944
254	3.87853
254.1	3.87762
254.2	3.87671
254.3	3.87581
254.4	3.8749
254.5	3.874
254.6	3.8731
254.7	3.87219
254.8	3.87129
254.9	3.87039
255	3.86949
255.1	3.86859
255.2	3.86769
255.3	3.86679
255.4	3.86589
255.5	3.865
255.6	3.8641
255.7	3.8632
255.8	3.86231
255.9	3.86141
256	3.86052
256.1	3.85963
256.2	3.85873
256.3	3.85784
256.4	3.85695
256.5	3.85606
256.6	3.85517
256.7	3.85428
256.8	3.85339
256.9	3.8525
257	3.85162
257.1	3.85073
257.2	3.84985
257.3	3.84896
257.4	3.84808
257.5	3.84719
257.6	3.84631
257.7	3.84543
257.8	3.84455
257.9	3.84366
258	3.84278
258.1	3.8419
258.2	3.84103
258.3	3.84015
258.4	3.83927
258.5	3.83839
258.6	3.83752
258.7	3.83664
258.8	3.83577
258.9	3.83489
259	3.83402
259.1	3.83315
259.2	3.83227
259.3	3.8314
259.4	3.83053
259.5	3.82966
259.6	3.82879
259.7	3.82792
259.8	3.82705
259.9	3.82619
260	3.82532
260.1	3.82445
260.2	3.82359
260.3	3.82272
260.4	3.82186
260.5	3.82099
260.6	3.82013
260.7	3.81927
260.8	3.81841
260.9	3.81754
261	3.81668
261.1	3.81582
261.2	3.81496
261.3	3.81411
261.4	3.81325
261.5	3.81239
261.6	3.81153
261.7	3.81068
261.8	3.80982
261.9	3.80897
262	3.80812
262.1	3.80726
262.2	3.80641
262.3	3.80556
262.4	3.80471
262.5	3.80386
262.6	3.80301
262.7	3.80216
262.8	3.80131
262.9	3.80046
263	3.79961
263.1	3.79876
263.2	3.79792
263.3	3.79707
263.4	3.79623
263.5	3.79538
263.6	3.79454
263.7	3.7937
263.8	3.79285
263.9	3.79201
264	3.79117
264.1	3.79033
264.2	3.78949
264.3	3.78865
264.4	3.78781
264.5	3.78697
264.6	3.78614
264.7	3.7853
264.8	3.78446
264.9	3.78363
265	3.78279
265.1	3.78196
265.2	3.78113
265.3	3.78029
265.4	3.77946
265.5	3.77863
265.6	3.7778
265.7	3.77697
265.8	3.77614
265.9	3.77531
266	3.77448
266.1	3.77365
266.2	3.77282
266.3	3.772
266.4	3.77117
266.5	3.77034
266.6	3.76952
266.7	3.76869
266.8	3.76787
266.9	3.76705
267	3.76622
267.1	3.7654
267.2	3.76458
267.3	3.76376
267.4	3.76294
267.5	3.76212
267.6	3.7613
267.7	3.76048
267.8	3.75967
267.9	3.75885
268	3.75803
268.1	3.75722
268.2	3.7564
268.3	3.75559
268.4	3.75477
268.5	3.75396
268.6	3.75314
268.7	3.75233
268.8	3.75152
268.9	3.75071
269	3.7499
269.1	3.74909
269.2	3.74828
269.3	3.74747
269.4	3.74666
269.5	3.74585
269.6	3.74505
269.7	3.74424
269.8	3.74343
269.9	3.74263
270	3.74182
270.1	3.74102
270.2	3.74022
270.3	3.73941
270.4	3.73861
270.5	3.73781
270.6	3.73701
270.7	3.73621
270.8	3.73541
270.9	3.73461
271	3.73381
271.1	3.73301
271.2	3.73221
271.3	3.73142
271.4	3.73062
271.5	3.72982
271.6	3.72903
271.7	3.72823
271.8	3.72744
271.9	3.72665
272	3.72585
272.1	3.72506
272.2	3.72427
272.3	3.72348
272.4	3.72269
272.5	3.7219
272.6	3.72111
272.7	3.72032
272.8	3.71953
272.9	3.71874
273	3.71795
273.1	3.71717
273.2	3.71638
273.3	3.7156
273.4	3.71481
273.5	3.71403
273.6	3.71324
273.7	3.71246
273.8	3.71168
273.9	3.71089
274	3.71011
274.1	3.70933
274.2	3.70855
274.3	3.70777
274.4	3.70699
274.5	3.70621
274.6	3.70543
274.7	3.70466
274.8	3.70388
274.9	3.7031
275	3.70233
275.1	3.70155
275.2	3.70078
275.3	3.7
275.4	3.69923
275.5	3.69846
275.6	3.69768
275.7	3.69691
275.8	3.69614
275.9	3.69537
276	3.6946
276.1	3.69383
276.2	3.69306
276.3	3.69229
276.4	3.69152
276.5	3.69075
276.6	3.68999
276.7	3.68922
276.8	3.68845
276.9	3.68769
277	3.68692
277.1	3.68616
277.2	3.6854
277.3	3.68463
277.4	3.68387
277.5	3.68311
277.6	3.68235
277.7	3.68158
277.8	3.68082
277.9	3.68006
278	3.6793
278.1	3.67854
278.2	3.67779
278.3	3.67703
278.4	3.67627
278.5	3.67551
278.6	3.67476
278.7	3.674
278.8	3.67325
278.9	3.67249
279	3.67174
279.1	3.67098
279.2	3.67023
279.3	3.66948
279.4	3.66873
279.5	3.66798
279.6	3.66722
279.7	3.66647
279.8	3.66572
279.9	3.66497
280	3.66423
280.1	3.66348
280.2	3.66273
280.3	3.66198
280.4	3.66124
280.5	3.66049
280.6	3.65974
280.7	3.659
280.8	3.65825
280.9	3.65751
281	3.65677
281.1	3.65602
281.2	3.65528
281.3	3.65454
281.4	3.6538
281.5	3.65306
281.6	3.65232
281.7	3.65158
281.8	3.65084
281.9	3.6501
282	3.64936
282.1	3.64862
282.2	3.64788
282.3	3.64715
282.4	3.64641
282.5	3.64568
282.6	3.64494
282.7	3.64421
282.8	3.64347
282.9	3.64274
283	3.642
283.1	3.64127
283.2	3.64054
283.3	3.63981
283.4	3.63908
283.5	3.63835
283.6	3.63762
283.7	3.63689
283.8	3.63616
283.9	3.63543
284	3.6347
284.1	3.63397
284.2	3.63325
284.3	3.63252
284.4	3.63179
284.5	3.63107
284.6	3.63034
284.7	3.62962
284.8	3.6289
284.9	3.62817
285	3.62745
285.1	3.62673
285.2	3.626
285.3	3.62528
285.4	3.62456
285.5	3.62384
285.6	3.62312
285.7	3.6224
285.8	3.62168
285.9	3.62096
286	3.62025
286.1	3.61953
286.2	3.61881
286.3	3.6181
286.4	3.61738
286.5	3.61666
286.6	3.61595
286.7	3.61523
286.8	3.61452
286.9	3.61381
287	3.61309
287.1	3.61238
287.2	3.61167
287.3	3.61096
287.4	3.61025
287.5	3.60954
287.6	3.60883
287.7	3.60812
287.8	3.60741
287.9	3.6067
288	3.60599
288.1	3.60528
288.2	3.60458
288.3	3.60387
288.4	3.60316
288.5	3.60246
288.6	3.60175
288.7	3.60105
288.8	3.60034
288.9	3.59964
289	3.59894
289.1	3.59823
289.2	3.59753
289.3	3.59683
289.4	3.59613
289.5	3.59543
289.6	3.59473
289.7	3.59403
289.8	3.59333
289.9	3.59263
290	3.59193
290.1	3.59123
290.2	3.59053
290.3	3.58984
290.4	3.58914
290.5	3.58844
290.6	3.58775
290.7	3.58705
290.8	3.58636
290.9	3.58566
291	3.58497
291.1	3.58428
291.2	3.58359
291.3	3.58289
291.4	3.5822
291.5	3.58151
291.6	3.58082
291.7	3.58013
291.8	3.57944
291.9	3.57875
292	3.57806
292.1	3.57737
292.2	3.57668
292.3	3.576
292.4	3.57531
292.5	3.57462
292.6	3.57394
292.7	3.57325
292.8	3.57257
292.9	3.57188
293	3.5712
293.1	3.57051
293.2	3.56983
293.3	3.56915
293.4	3.56846
293.5	3.56778
293.6	3.5671
293.7	3.56642
293.8	3.56574
293.9	3.56506
294	3.56438
294.1	3.5637
294.2	3.56302
294.3	3.56234
294.4	3.56166
294.5	3.56099
294.6	3.56031
294.7	3.55963
294.8	3.55896
294.9	3.55828
295	3.55761
295.1	3.55693
295.2	3.55626
295.3	3.55558
295.4	3.55491
295.5	3.55424
295.6	3.55357
295.7	3.55289
295.8	3.55222
295.9	3.55155
296	3.55088
296.1	3.55021
296.2	3.54954
296.3	3.54887
296.4	3.5482
296.5	3.54753
296.6	3.54687
296.7	3.5462
296.8	3.54553
296.9	3.54487
297	3.5442
297.1	3.54353
297.2	3.54287
297.3	3.5422
297.4	3.54154
297.5	3.54088
297.6	3.54021
297.7	3.53955
297.8	3.53889
297.9	3.53822
298	3.53756
298.1	3.5369
298.2	3.53624
298.3	3.53558
298.4	3.53492
298.5	3.53426
298.6	3.5336
298.7	3.53294
298.8	3.53229
298.9	3.53163
299	3.53097
299.1	3.53031
299.2	3.52966
299.3	3.529
299.4	3.52835
299.5	3.52769
299.6	3.52704
299.7	3.52638
299.8	3.52573
299.9	3.52508
300	3.52442
300.1	3.52377
300.2	3.52312
300.3	3.52247
300.4	3.52182
300.5	3.52116
300.6	3.52051
300.7	3.51986
300.8	3.51921
300.9	3.51857
301	3.51792
301.1	3.51727
301.2	3.51662
301.3	3.51597
301.4	3.51533
301.5	3.51468
301.6	3.51403
301.7	3.51339
301.8	3.51274
301.9	3.5121
302	3.51146
302.1	3.51081
302.2	3.51017
302.3	3.50952
302.4	3.50888
302.5	3.50824
302.6	3.5076
302.7	3.50696
302.8	3.50632
302.9	3.50568
303	3.50504
303.1	3.5044
303.2	3.50376
303.3	3.50312
303.4	3.50248
303.5	3.50184
303.6	3.5012
303.7	3.50057
303.8	3.49993
303.9	3.49929
304	3.49866
304.1	3.49802
304.2	3.49739
304.3	3.49675
304.4	3.49612
304.5	3.49548
304.6	3.49485
304.7	3.49422
304.8	3.49359
304.9	3.49295
305	3.49232
305.1	3.49169
305.2	3.49106
305.3	3.49043
305.4	3.4898
305.5	3.48917
305.6	3.48854
305.7	3.48791
305.8	3.48728
305.9	3.48666
306	3.48603
306.1	3.4854
306.2	3.48477
306.3	3.48415
306.4	3.48352
306.5	3.4829
306.6	3.48227
306.7	3.48165
306.8	3.48102
306.9	3.4804
307	3.47977
307.1	3.47915
307.2	3.47853
307.3	3.47791
307.4	3.47728
307.5	3.47666
307.6	3.47604
307.7	3.47542
307.8	3.4748
307.9	3.47418
308	3.47356
308.1	3.47294
308.2	3.47232
308.3	3.47171
308.4	3.47109
308.5	3.47047
308.6	3.46985
308.7	3.46924
308.8	3.46862
308.9	3.468
309	3.46739
309.1	3.46677
309.2	3.46616
309.3	3.46555
309.4	3.46493
309.5	3.46432
309.6	3.4637
309.7	3.46309
309.8	3.46248
309.9	3.46187
310	3.46126
310.1	3.46065
310.2	3.46003
310.3	3.45942
310.4	3.45881
310.5	3.45821
310.6	3.4576
310.7	3.45699
310.8	3.45638
310.9	3.45577
311	3.45516
311.1	3.45456
311.2	3.45395
311.3	3.45334
311.4	3.45274
311.5	3.45213
311.6	3.45153
311.7	3.45092
311.8	3.45032
311.9	3.44971
312	3.44911
312.1	3.44851
312.2	3.4479
312.3	3.4473
312.4	3.4467
312.5	3.4461
312.6	3.4455
312.7	3.44489
312.8	3.44429
312.9	3.44369
313	3.44309
313.1	3.44249
313.2	3.4419
313.3	3.4413
313.4	3.4407
313.5	3.4401
313.6	3.4395
313.7	3.43891
313.8	3.43831
313.9	3.43771
314	3.43712
314.1	3.43652
314.2	3.43593
314.3	3.43533
314.4	3.43474
314.5	3.43414
314.6	3.43355
314.7	3.43296
314.8	3.43236
314.9	3.43177
315	3.43118
315.1	3.43059
315.2	3.43
315.3	3.4294
315.4	3.42881
315.5	3.42822
315.6	3.42763
315.7	3.42704
315.8	3.42646
315.9	3.42587
316	3.42528
316.1	3.42469
316.2	3.4241
316.3	3.42352
316.4	3.42293
316.5	3.42234
316.6	3.42176
316.7	3.42117
316.8	3.42058
316.9	3.42
317	3.41941
317.1	3.41883
317.2	3.41825
317.3	3.41766
317.4	3.41708
317.5	3.4165
317.6	3.41591
317.7	3.41533
317.8	3.41475
317.9	3.41417
318	3.41359
318.1	3.41301
318.2	3.41243
318.3	3.41185
318.4	3.41127
318.5	3.41069
318.6	3.41011
318.7	3.40953
318.8	3.40895
318.9	3.40838
319	3.4078
319.1	3.40722
319.2	3.40665
319.3	3.40607
319.4	3.40549
319.5	3.40492
319.6	3.40434
319.7	3.40377
319.8	3.40319
319.9	3.40262
320	3.40205
320.1	3.40147
320.2	3.4009
320.3	3.40033
320.4	3.39975
320.5	3.39918
320.6	3.39861
320.7	3.39804
320.8	3.39747
320.9	3.3969
321	3.39633
321.1	3.39576
321.2	3.39519
321.3	3.39462
321.4	3.39405
321.5	3.39348
321.6	3.39291
321.7	3.39235
321.8	3.39178
321.9	3.39121
322	3.39065
322.1	3.39008
322.2	3.38951
322.3	3.38895
322.4	3.38838
322.5	3.38782
322.6	3.38725
322.7	3.38669
322.8	3.38613
322.9	3.38556
323	3.385
323.1	3.38444
323.2	3.38387
323.3	3.38331
323.4	3.38275
323.5	3.38219
323.6	3.38163
323.7	3.38107
323.8	3.38051
323.9	3.37995
324	3.37939
324.1	3.37883
324.2	3.37827
324.3	3.37771
324.4	3.37715
324.5	3.37659
324.6	3.37604
324.7	3.37548
324.8	3.37492
324.9	3.37437
325	3.37381
325.1	3.37325
325.2	3.3727
325.3	3.37214
325.4	3.37159
325.5	3.37103
325.6	3.37048
325.7	3.36993
325.8	3.36937
325.9	3.36882
326	3.36827
326.1	3.36772
326.2	3.36716
326.3	3.36661
326.4	3.36606
326.5	3.36551
326.6	3.36496
326.7	3.36441
326.8	3.36386
326.9	3.36331
327	3.36276
327.1	3.36221
327.2	3.36166
327.3	3.36111
327.4	3.36056
327.5	3.36002
327.6	3.35947
327.7	3.35892
327.8	3.35838
327.9	3.35783
328	3.35728
328.1	3.35674
328.2	3.35619
328.3	3.35565
328.4	3.3551
328.5	3.35456
328.6	3.35402
328.7	3.35347
328.8	3.35293
328.9	3.35239
329	3.35184
329.1	3.3513
329.2	3.35076
329.3	3.35022
329.4	3.34968
329.5	3.34913
329.6	3.34859
329.7	3.34805
329.8	3.34751
329.9	3.34697
330	3.34643
330.1	3.3459
330.2	3.34536
330.3	3.34482
330.4	3.34428
330.5	3.34374
330.6	3.34321
330.7	3.34267
330.8	3.34213
330.9	3.3416
331	3.34106
331.1	3.34052
331.2	3.33999
331.3	3.33945
331.4	3.33892
331.5	3.33838
331.6	3.33785
331.7	3.33732
331.8	3.33678
331.9	3.33625
332	3.33572
332.1	3.33518
332.2	3.33465
332.3	3.33412
332.4	3.33359
332.5	3.33306
332.6	3.33253
332.7	3.332
332.8	3.33147
332.9	3.33094
333	3.33041
333.1	3.32988
333.2	3.32935
333.3	3.32882
333.4	3.32829
333.5	3.32776
333.6	3.32723
333.7	3.32671
333.8	3.32618
333.9	3.32565
334	3.32513
334.1	3.3246
334.2	3.32408
334.3	3.32355
334.4	3.32302
334.5	3.3225
334.6	3.32198
334.7	3.32145
334.8	3.32093
334.9	3.3204
335	3.31988
335.1	3.31936
335.2	3.31883
335.3	3.31831
335.4	3.31779
335.5	3.31727
335.6	3.31675
335.7	3.31623
335.8	3.31571
335.9	3.31519
336	3.31467
336.1	3.31415
336.2	3.31363
336.3	3.31311
336.4	3.31259
336.5	3.31207
336.6	3.31155
336.7	3.31103
336.8	3.31052
336.9	3.31
337	3.30948
337.1	3.30896
337.2	3.30845
337.3	3.30793
337.4	3.30742
337.5	3.3069
337.6	3.30639
337.7	3.30587
337.8	3.30536
337.9	3.30484
338	3.30433
338.1	3.30381
338.2	3.3033
338.3	3.30279
338.4	3.30228
338.5	3.30176
338.6	3.30125
338.7	3.30074
338.8	3.30023
338.9	3.29972
339	3.29921
339.1	3.29869
339.2	3.29818
339.3	3.29767
339.4	3.29716
339.5	3.29666
339.6	3.29615
339.7	3.29564
339.8	3.29513
339.9	3.29462
340	3.29411
340.1	3.29361
340.2	3.2931
340.3	3.29259
340.4	3.29208
340.5	3.29158
340.6	3.29107
340.7	3.29057
340.8	3.29006
340.9	3.28956
341	3.28905
341.1	3.28855
341.2	3.28804
341.3	3.28754
341.4	3.28703
341.5	3.28653
341.6	3.28603
341.7	3.28553
341.8	3.28502
341.9	3.28452
342	3.28402
342.1	3.28352
342.2	3.28302
342.3	3.28251
342.4	3.28201
342.5	3.28151
342.6	3.28101
342.7	3.28051
342.8	3.28001
342.9	3.27952
343	3.27902
343.1	3.27852
343.2	3.27802
343.3	3.27752
343.4	3.27702
343.5	3.27653
343.6	3.27603
343.7	3.27553
343.8	3.27504
343.9	3.27454
344	3.27404
344.1	3.27355
344.2	3.27305
344.3	3.27256
344.4	3.27206
344.5	3.27157
344.6	3.27107
344.7	3.27058
344.8	3.27009
344.9	3.26959
345	3.2691
345.1	3.26861
345.2	3.26811
345.3	3.26762
345.4	3.26713
345.5	3.26664
345.6	3.26615
345.7	3.26566
345.8	3.26516
345.9	3.26467
346	3.26418
346.1	3.26369
346.2	3.2632
346.3	3.26271
346.4	3.26223
346.5	3.26174
346.6	3.26125
346.7	3.26076
346.8	3.26027
346.9	3.25978
347	3.2593
347.1	3.25881
347.2	3.25832
347.3	3.25784
347.4	3.25735
347.5	3.25686
347.6	3.25638
347.7	3.25589
347.8	3.25541
347.9	3.25492
348	3.25444
348.1	3.25395
348.2	3.25347
348.3	3.25299
348.4	3.2525
348.5	3.25202
348.6	3.25154
348.7	3.25105
348.8	3.25057
348.9	3.25009
349	3.24961
349.1	3.24913
349.2	3.24865
349.3	3.24817
349.4	3.24768
349.5	3.2472
349.6	3.24672
349.7	3.24624
349.8	3.24576
349.9	3.24529
350	3.24481
350.1	3.24433
350.2	3.24385
350.3	3.24337
350.4	3.24289
350.5	3.24242
350.6	3.24194
350.7	3.24146
350.8	3.24098
350.9	3.24051
351	3.24003
351.1	3.23956
351.2	3.23908
351.3	3.23861
351.4	3.23813
351.5	3.23766
351.6	3.23718
351.7	3.23671
351.8	3.23623
351.9	3.23576
352	3.23529
352.1	3.23481
352.2	3.23434
352.3	3.23387
352.4	3.23339
352.5	3.23292
352.6	3.23245
352.7	3.23198
352.8	3.23151
352.9	3.23104
353	3.23057
353.1	3.2301
353.2	3.22962
353.3	3.22915
353.4	3.22869
353.5	3.22822
353.6	3.22775
353.7	3.22728
353.8	3.22681
353.9	3.22634
354	3.22587
354.1	3.2254
354.2	3.22494
354.3	3.22447
354.4	3.224
354.5	3.22354
354.6	3.22307
354.7	3.2226
354.8	3.22214
354.9	3.22167
355	3.22121
355.1	3.22074
355.2	3.22028
355.3	3.21981
355.4	3.21935
355.5	3.21888
355.6	3.21842
355.7	3.21796
355.8	3.21749
355.9	3.21703
356	3.21657
356.1	3.2161
356.2	3.21564
356.3	3.21518
356.4	3.21472
356.5	3.21426
356.6	3.2138
356.7	3.21334
356.8	3.21287
356.9	3.21241
357	3.21195
357.1	3.21149
357.2	3.21103
357.3	3.21058
357.4	3.21012
357.5	3.20966
357.6	3.2092
357.7	3.20874
357.8	3.20828
357.9	3.20783
358	3.20737
358.1	3.20691
358.2	3.20645
358.3	3.206
358.4	3.20554
358.5	3.20508
358.6	3.20463
358.7	3.20417
358.8	3.20372
358.9	3.20326
359	3.20281
359.1	3.20235
359.2	3.2019
359.3	3.20144
359.4	3.20099
359.5	3.20054
359.6	3.20008
359.7	3.19963
359.8	3.19918
359.9	3.19872
360	3.19827
360.1	3.19782
360.2	3.19737
360.3	3.19692
360.4	3.19646
360.5	3.19601
360.6	3.19556
360.7	3.19511
360.8	3.19466
360.9	3.19421
361	3.19376
361.1	3.19331
361.2	3.19286
361.3	3.19241
361.4	3.19196
361.5	3.19152
361.6	3.19107
361.7	3.19062
361.8	3.19017
361.9	3.18972
362	3.18928
362.1	3.18883
362.2	3.18838
362.3	3.18794
362.4	3.18749
362.5	3.18704
362.6	3.1866
362.7	3.18615
362.8	3.18571
362.9	3.18526
363	3.18482
363.1	3.18437
363.2	3.18393
363.3	3.18348
363.4	3.18304
363.5	3.1826
363.6	3.18215
363.7	3.18171
363.8	3.18127
363.9	3.18083
364	3.18038
364.1	3.17994
364.2	3.1795
364.3	3.17906
364.4	3.17862
364.5	3.17818
364.6	3.17773
364.7	3.17729
364.8	3.17685
364.9	3.17641
365	3.17597
365.1	3.17553
365.2	3.17509
365.3	3.17466
365.4	3.17422
365.5	3.17378
365.6	3.17334
365.7	3.1729
365.8	3.17246
365.9	3.17203
366	3.17159
366.1	3.17115
366.2	3.17071
366.3	3.17028
366.4	3.16984
366.5	3.1694
366.6	3.16897
366.7	3.16853
366.8	3.1681
366.9	3.16766
367	3.16723
367.1	3.16679
367.2	3.16636
367.3	3.16592
367.4	3.16549
367.5	3.16506
367.6	3.16462
367.7	3.16419
367.8	3.16376
367.9	3.16332
368	3.16289
368.1	3.16246
368.2	3.16203
368.3	3.16159
368.4	3.16116
368.5	3.16073
368.6	3.1603
368.7	3.15987
368.8	3.15944
368.9	3.15901
369	3.15858
369.1	3.15815
369.2	3.15772
369.3	3.15729
369.4	3.15686
369.5	3.15643
369.6	3.156
369.7	3.15557
369.8	3.15514
369.9	3.15472
370	3.15429
370.1	3.15386
370.2	3.15343
370.3	3.15301
370.4	3.15258
370.5	3.15215
370.6	3.15173
370.7	3.1513
370.8	3.15087
370.9	3.15045
371	3.15002
371.1	3.1496
371.2	3.14917
371.3	3.14875
371.4	3.14832
371.5	3.1479
371.6	3.14748
371.7	3.14705
371.8	3.14663
371.9	3.1462
372	3.14578
372.1	3.14536
372.2	3.14494
372.3	3.14451
372.4	3.14409
372.5	3.14367
372.6	3.14325
372.7	3.14283
372.8	3.1424
372.9	3.14198
373	3.14156
373.1	3.14114
373.2	3.14072
373.3	3.1403
373.4	3.13988
373.5	3.13946
373.6	3.13904
373.7	3.13862
373.8	3.1382
373.9	3.13779
374	3.13737
374.1	3.13695
374.2	3.13653
374.3	3.13611
374.4	3.13569
374.5	3.13528
374.6	3.13486
374.7	3.13444
374.8	3.13403
374.9	3.13361
375	3.13319
375.1	3.13278
375.2	3.13236
375.3	3.13195
375.4	3.13153
375.5	3.13112
375.6	3.1307
375.7	3.13029
375.8	3.12987
375.9	3.12946
376	3.12904
376.1	3.12863
376.2	3.12822
376.3	3.1278
376.4	3.12739
376.5	3.12698
376.6	3.12656
376.7	3.12615
376.8	3.12574
376.9	3.12533
377	3.12492
377.1	3.1245
377.2	3.12409
377.3	3.12368
377.4	3.12327
377.5	3.12286
377.6	3.12245
377.7	3.12204
377.8	3.12163
377.9	3.12122
378	3.12081
378.1	3.1204
378.2	3.11999
378.3	3.11958
378.4	3.11917
378.5	3.11877
378.6	3.11836
378.7	3.11795
378.8	3.11754
378.9	3.11713
379	3.11673
379.1	3.11632
379.2	3.11591
379.3	3.11551
379.4	3.1151
379.5	3.11469
379.6	3.11429
379.7	3.11388
379.8	3.11348
379.9	3.11307
380	3.11266
380.1	3.11226
380.2	3.11186
380.3	3.11145
380.4	3.11105
380.5	3.11064
380.6	3.11024
380.7	3.10983
380.8	3.10943
380.9	3.10903
381	3.10863
381.1	3.10822
381.2	3.10782
381.3	3.10742
381.4	3.10702
381.5	3.10661
381.6	3.10621
381.7	3.10581
381.8	3.10541
381.9	3.10501
382	3.10461
382.1	3.10421
382.2	3.10381
382.3	3.10341
382.4	3.10301
382.5	3.10261
382.6	3.10221
382.7	3.10181
382.8	3.10141
382.9	3.10101
383	3.10061
383.1	3.10021
383.2	3.09981
383.3	3.09942
383.4	3.09902
383.5	3.09862
383.6	3.09822
383.7	3.09783
383.8	3.09743
383.9	3.09703
384	3.09664
384.1	3.09624
384.2	3.09584
384.3	3.09545
384.4	3.09505
384.5	3.09466
384.6	3.09426
384.7	3.09386
384.8	3.09347
384.9	3.09308
385	3.09268
385.1	3.09229
385.2	3.09189
385.3	3.0915
385.4	3.0911
385.5	3.09071
385.6	3.09032
385.7	3.08993
385.8	3.08953
385.9	3.08914
386	3.08875
386.1	3.08836
386.2	3.08796
386.3	3.08757
386.4	3.08718
386.5	3.08679
386.6	3.0864
386.7	3.08601
386.8	3.08562
386.9	3.08523
387	3.08483
387.1	3.08444
387.2	3.08405
387.3	3.08367
387.4	3.08328
387.5	3.08289
387.6	3.0825
387.7	3.08211
387.8	3.08172
387.9	3.08133
388	3.08094
388.1	3.08056
388.2	3.08017
388.3	3.07978
388.4	3.07939
388.5	3.079
388.6	3.07862
388.7	3.07823
388.8	3.07784
388.9	3.07746
389	3.07707
389.1	3.07669
389.2	3.0763
389.3	3.07591
389.4	3.07553
389.5	3.07514
389.6	3.07476
389.7	3.07437
389.8	3.07399
389.9	3.0736
390	3.07322
390.1	3.07284
390.2	3.07245
390.3	3.07207
390.4	3.07169
390.5	3.0713
390.6	3.07092
390.7	3.07054
390.8	3.07015
390.9	3.06977
391	3.06939
391.1	3.06901
391.2	3.06863
391.3	3.06824
391.4	3.06786
391.5	3.06748
391.6	3.0671
391.7	3.06672
391.8	3.06634
391.9	3.06596
392	3.06558
392.1	3.0652
392.2	3.06482
392.3	3.06444
392.4	3.06406
392.5	3.06368
392.6	3.0633
392.7	3.06292
392.8	3.06254
392.9	3.06217
393	3.06179
393.1	3.06141
393.2	3.06103
393.3	3.06065
393.4	3.06028
393.5	3.0599
393.6	3.05952
393.7	3.05915
393.8	3.05877
393.9	3.05839
394	3.05802
394.1	3.05764
394.2	3.05727
394.3	3.05689
394.4	3.05651
394.5	3.05614
394.6	3.05576
394.7	3.05539
394.8	3.05501
394.9	3.05464
395	3.05427
395.1	3.05389
395.2	3.05352
395.3	3.05314
395.4	3.05277
395.5	3.0524
395.6	3.05202
395.7	3.05165
395.8	3.05128
395.9	3.05091
396	3.05053
396.1	3.05016
396.2	3.04979
396.3	3.04942
396.4	3.04905
396.5	3.04867
396.6	3.0483
396.7	3.04793
396.8	3.04756
396.9	3.04719
397	3.04682
397.1	3.04645
397.2	3.04608
397.3	3.04571
397.4	3.04534
397.5	3.04497
397.6	3.0446
397.7	3.04423
397.8	3.04386
397.9	3.0435
398	3.04313
398.1	3.04276
398.2	3.04239
398.3	3.04202
398.4	3.04165
398.5	3.04129
398.6	3.04092
398.7	3.04055
398.8	3.04019
398.9	3.03982
399	3.03945
399.1	3.03909
399.2	3.03872
399.3	3.03835
399.4	3.03799
399.5	3.03762
399.6	3.03726
399.7	3.03689
399.8	3.03653
399.9	3.03616
400	3.0358
400.1	3.03543
400.2	3.03507
400.3	3.0347
400.4	3.03434
400.5	3.03398
400.6	3.03361
400.7	3.03325
400.8	3.03289
400.9	3.03252
401	3.03216
401.1	3.0318
401.2	3.03143
401.3	3.03107
401.4	3.03071
401.5	3.03035
401.6	3.02999
401.7	3.02962
401.8	3.02926
401.9	3.0289
402	3.02854
402.1	3.02818
402.2	3.02782
402.3	3.02746
402.4	3.0271
402.5	3.02674
402.6	3.02638
402.7	3.02602
402.8	3.02566
402.9	3.0253
403	3.02494
403.1	3.02458
403.2	3.02422
403.3	3.02387
403.4	3.02351
403.5	3.02315
403.6	3.02279
403.7	3.02243
403.8	3.02207
403.9	3.02172
404	3.02136
404.1	3.021
404.2	3.02065
404.3	3.02029
404.4	3.01993
404.5	3.01958
404.6	3.01922
404.7	3.01886
404.8	3.01851
404.9	3.01815
405	3.0178
405.1	3.01744
405.2	3.01709
405.3	3.01673
405.4	3.01638
405.5	3.01602
405.6	3.01567
405.7	3.01531
405.8	3.01496
405.9	3.0146
406	3.01425
406.1	3.0139
406.2	3.01354
406.3	3.01319
406.4	3.01284
406.5	3.01249
406.6	3.01213
406.7	3.01178
406.8	3.01143
406.9	3.01108
407	3.01072
407.1	3.01037
407.2	3.01002
407.3	3.00967
407.4	3.00932
407.5	3.00897
407.6	3.00862
407.7	3.00827
407.8	3.00791
407.9	3.00756
408	3.00721
408.1	3.00686
408.2	3.00651
408.3	3.00617
408.4	3.00582
408.5	3.00547
408.6	3.00512
408.7	3.00477
408.8	3.00442
408.9	3.00407
409	3.00372
409.1	3.00337
409.2	3.00303
409.3	3.00268
409.4	3.00233
409.5	3.00198
409.6	3.00164
409.7	3.00129
409.8	3.00094
409.9	3.0006
410	3.00025
410.1	2.9999
410.2	2.99956
410.3	2.99921
410.4	2.99886
410.5	2.99852
410.6	2.99817
410.7	2.99783
410.8	2.99748
410.9	2.99714
411	2.99679
411.1	2.99645
411.2	2.9961
411.3	2.99576
411.4	2.99541
411.5	2.99507
411.6	2.99473
411.7	2.99438
411.8	2.99404
411.9	2.9937
412	2.99335
412.1	2.99301
412.2	2.99267
412.3	2.99232
412.4	2.99198
412.5	2.99164
412.6	2.9913
412.7	2.99095
412.8	2.99061
412.9	2.99027
413	2.98993
413.1	2.98959
413.2	2.98925
413.3	2.98891
413.4	2.98857
413.5	2.98823
413.6	2.98788
413.7	2.98754
413.8	2.9872
413.9	2.98686
414	2.98652
414.1	2.98618
414.2	2.98585
414.3	2.98551
414.4	2.98517
414.5	2.98483
414.6	2.98449
414.7	2.98415
414.8	2.98381
414.9	2.98347
415	2.98314
415.1	2.9828
415.2	2.98246
415.3	2.98212
415.4	2.98179
415.5	2.98145
415.6	2.98111
415.7	2.98077
415.8	2.98044
415.9	2.9801
416	2.97976
416.1	2.97943
416.2	2.97909
416.3	2.97876
416.4	2.97842
416.5	2.97809
416.6	2.97775
416.7	2.97741
416.8	2.97708
416.9	2.97674
417	2.97641
417.1	2.97608
417.2	2.97574
417.3	2.97541
417.4	2.97507
417.5	2.97474
417.6	2.97441
417.7	2.97407
417.8	2.97374
417.9	2.97341
418	2.97307
418.1	2.97274
418.2	2.97241
418.3	2.97207
418.4	2.97174
418.5	2.97141
418.6	2.97108
418.7	2.97075
418.8	2.97041
418.9	2.97008
419	2.96975
419.1	2.96942
419.2	2.96909
419.3	2.96876
419.4	2.96843
419.5	2.9681
419.6	2.96777
419.7	2.96744
419.8	2.96711
419.9	2.96678
420	2.96645
420.1	2.96612
420.2	2.96579
420.3	2.96546
420.4	2.96513
420.5	2.9648
420.6	2.96447
420.7	2.96414
420.8	2.96381
420.9	2.96349
421	2.96316
421.1	2.96283
421.2	2.9625
421.3	2.96217
421.4	2.96185
421.5	2.96152
421.6	2.96119
421.7	2.96087
421.8	2.96054
421.9	2.96021
422	2.95989
422.1	2.95956
422.2	2.95923
422.3	2.95891
422.4	2.95858
422.5	2.95826
422.6	2.95793
422.7	2.9576
422.8	2.95728
422.9	2.95695
423	2.95663
423.1	2.9563
423.2	2.95598
423.3	2.95566
423.4	2.95533
423.5	2.95501
423.6	2.95468
423.7	2.95436
423.8	2.95404
423.9	2.95371
424	2.95339
424.1	2.95307
424.2	2.95274
424.3	2.95242
424.4	2.9521
424.5	2.95177
424.6	2.95145
424.7	2.95113
424.8	2.95081
424.9	2.95049
425	2.95016
425.1	2.94984
425.2	2.94952
425.3	2.9492
425.4	2.94888
425.5	2.94856
425.6	2.94824
425.7	2.94792
425.8	2.9476
425.9	2.94728
426	2.94696
426.1	2.94664
426.2	2.94632
426.3	2.946
426.4	2.94568
426.5	2.94536
426.6	2.94504
426.7	2.94472
426.8	2.9444
426.9	2.94408
427	2.94376
427.1	2.94344
427.2	2.94313
427.3	2.94281
427.4	2.94249
427.5	2.94217
427.6	2.94185
427.7	2.94154
427.8	2.94122
427.9	2.9409
428	2.94058
428.1	2.94027
428.2	2.93995
428.3	2.93963
428.4	2.93932
428.5	2.939
428.6	2.93869
428.7	2.93837
428.8	2.93805
428.9	2.93774
429	2.93742
429.1	2.93711
429.2	2.93679
429.3	2.93648
429.4	2.93616
429.5	2.93585
429.6	2.93553
429.7	2.93522
429.8	2.9349
429.9	2.93459
430	2.93427
430.1	2.93396
430.2	2.93365
430.3	2.93333
430.4	2.93302
430.5	2.93271
430.6	2.93239
430.7	2.93208
430.8	2.93177
430.9	2.93146
431	2.93114
431.1	2.93083
431.2	2.93052
431.3	2.93021
431.4	2.92989
431.5	2.92958
431.6	2.92927
431.7	2.92896
431.8	2.92865
431.9	2.92834
432	2.92803
432.1	2.92772
432.2	2.9274
432.3	2.92709
432.4	2.92678
432.5	2.92647
432.6	2.92616
432.7	2.92585
432.8	2.92554
432.9	2.92523
433	2.92492
433.1	2.92461
433.2	2.92431
433.3	2.924
433.4	2.92369
433.5	2.92338
433.6	2.92307
433.7	2.92276
433.8	2.92245
433.9	2.92215
434	2.92184
434.1	2.92153
434.2	2.92122
434.3	2.92091
434.4	2.92061
434.5	2.9203
434.6	2.91999
434.7	2.91968
434.8	2.91938
434.9	2.91907
435	2.91876
435.1	2.91846
435.2	2.91815
435.3	2.91785
435.4	2.91754
435.5	2.91723
435.6	2.91693
435.7	2.91662
435.8	2.91632
435.9	2.91601
436	2.91571
436.1	2.9154
436.2	2.9151
436.3	2.91479
436.4	2.91449
436.5	2.91418
436.6	2.91388
436.7	2.91358
436.8	2.91327
436.9	2.91297
437	2.91266
437.1	2.91236
437.2	2.91206
437.3	2.91175
437.4	2.91145
437.5	2.91115
437.6	2.91085
437.7	2.91054
437.8	2.91024
437.9	2.90994
438	2.90964
438.1	2.90933
438.2	2.90903
438.3	2.90873
438.4	2.90843
438.5	2.90813
438.6	2.90783
438.7	2.90752
438.8	2.90722
438.9	2.90692
439	2.90662
439.1	2.90632
439.2	2.90602
439.3	2.90572
439.4	2.90542
439.5	2.90512
439.6	2.90482
439.7	2.90452
439.8	2.90422
439.9	2.90392
440	2.90362
440.1	2.90332
440.2	2.90302
440.3	2.90272
440.4	2.90243
440.5	2.90213
440.6	2.90183
440.7	2.90153
440.8	2.90123
440.9	2.90093
441	2.90064
441.1	2.90034
441.2	2.90004
441.3	2.89974
441.4	2.89945
441.5	2.89915
441.6	2.89885
441.7	2.89855
441.8	2.89826
441.9	2.89796
442	2.89766
442.1	2.89737
442.2	2.89707
442.3	2.89677
442.4	2.89648
442.5	2.89618
442.6	2.89589
442.7	2.89559
442.8	2.8953
442.9	2.895
443	2.89471
443.1	2.89441
443.2	2.89412
443.3	2.89382
443.4	2.89353
443.5	2.89323
443.6	2.89294
443.7	2.89264
443.8	2.89235
443.9	2.89206
444	2.89176
444.1	2.89147
444.2	2.89118
444.3	2.89088
444.4	2.89059
444.5	2.8903
444.6	2.89
444.7	2.88971
444.8	2.88942
444.9	2.88912
445	2.88883
445.1	2.88854
445.2	2.88825
445.3	2.88796
445.4	2.88766
445.5	2.88737
445.6	2.88708
445.7	2.88679
445.8	2.8865
445.9	2.88621
446	2.88592
446.1	2.88562
446.2	2.88533
446.3	2.88504
446.4	2.88475
446.5	2.88446
446.6	2.88417
446.7	2.88388
446.8	2.88359
446.9	2.8833
447	2.88301
447.1	2.88272
447.2	2.88243
447.3	2.88214
447.4	2.88186
447.5	2.88157
447.6	2.88128
447.7	2.88099
447.8	2.8807
447.9	2.88041
448	2.88012
448.1	2.87984
448.2	2.87955
448.3	2.87926
448.4	2.87897
448.5	2.87868
448.6	2.8784
448.7	2.87811
448.8	2.87782
448.9	2.87754
449	2.87725
449.1	2.87696
449.2	2.87667
449.3	2.87639
449.4	2.8761
449.5	2.87582
449.6	2.87553
449.7	2.87524
449.8	2.87496
449.9	2.87467
450	2.87439
450.1	2.8741
450.2	2.87382
450.3	2.87353
450.4	2.87324
450.5	2.87296
450.6	2.87267
450.7	2.87239
450.8	2.87211
450.9	2.87182
451	2.87154
451.1	2.87125
451.2	2.87097
451.3	2.87068
451.4	2.8704
451.5	2.87012
451.6	2.86983
451.7	2.86955
451.8	2.86927
451.9	2.86898
452	2.8687
452.1	2.86842
452.2	2.86814
452.3	2.86785
452.4	2.86757
452.5	2.86729
452.6	2.86701
452.7	2.86672
452.8	2.86644
452.9	2.86616
453	2.86588
453.1	2.8656
453.2	2.86532
453.3	2.86503
453.4	2.86475
453.5	2.86447
453.6	2.86419
453.7	2.86391
453.8	2.86363
453.9	2.86335
454	2.86307
454.1	2.86279
454.2	2.86251
454.3	2.86223
454.4	2.86195
454.5	2.86167
454.6	2.86139
454.7	2.86111
454.8	2.86083
454.9	2.86055
455	2.86027
455.1	2.85999
455.2	2.85971
455.3	2.85944
455.4	2.85916
455.5	2.85888
455.6	2.8586
455.7	2.85832
455.8	2.85804
455.9	2.85777
456	2.85749
456.1	2.85721
456.2	2.85693
456.3	2.85666
456.4	2.85638
456.5	2.8561
456.6	2.85582
456.7	2.85555
456.8	2.85527
456.9	2.85499
457	2.85472
457.1	2.85444
457.2	2.85416
457.3	2.85389
457.4	2.85361
457.5	2.85334
457.6	2.85306
457.7	2.85278
457.8	2.85251
457.9	2.85223
458	2.85196
458.1	2.85168
458.2	2.85141
458.3	2.85113
458.4	2.85086
458.5	2.85058
458.6	2.85031
458.7	2.85003
458.8	2.84976
458.9	2.84949
459	2.84921
459.1	2.84894
459.2	2.84866
459.3	2.84839
459.4	2.84812
459.5	2.84784
459.6	2.84757
459.7	2.8473
459.8	2.84702
459.9	2.84675
460	2.84648
460.1	2.84621
460.2	2.84593
460.3	2.84566
460.4	2.84539
460.5	2.84512
460.6	2.84484
460.7	2.84457
460.8	2.8443
460.9	2.84403
461	2.84376
461.1	2.84349
461.2	2.84322
461.3	2.84294
461.4	2.84267
461.5	2.8424
461.6	2.84213
461.7	2.84186
461.8	2.84159
461.9	2.84132
462	2.84105
462.1	2.84078
462.2	2.84051
462.3	2.84024
462.4	2.83997
462.5	2.8397
462.6	2.83943
462.7	2.83916
462.8	2.83889
462.9	2.83862
463	2.83835
463.1	2.83808
463.2	2.83782
463.3	2.83755
463.4	2.83728
463.5	2.83701
463.6	2.83674
463.7	2.83647
463.8	2.8362
463.9	2.83594
464	2.83567
464.1	2.8354
464.2	2.83513
464.3	2.83487
464.4	2.8346
464.5	2.83433
464.6	2.83406
464.7	2.8338
464.8	2.83353
464.9	2.83326
465	2.833
465.1	2.83273
465.2	2.83246
465.3	2.8322
465.4	2.83193
465.5	2.83167
465.6	2.8314
465.7	2.83113
465.8	2.83087
465.9	2.8306
466	2.83034
466.1	2.83007
466.2	2.82981
466.3	2.82954
466.4	2.82928
466.5	2.82901
466.6	2.82875
466.7	2.82848
466.8	2.82822
466.9	2.82795
467	2.82769
467.1	2.82742
467.2	2.82716
467.3	2.8269
467.4	2.82663
467.5	2.82637
467.6	2.82611
467.7	2.82584
467.8	2.82558
467.9	2.82532
468	2.82505
468.1	2.82479
468.2	2.82453
468.3	2.82426
468.4	2.824
468.5	2.82374
468.6	2.82348
468.7	2.82321
468.8	2.82295
468.9	2.82269
469	2.82243
469.1	2.82217
469.2	2.82191
469.3	2.82164
469.4	2.82138
469.5	2.82112
469.6	2.82086
469.7	2.8206
469.8	2.82034
469.9	2.82008
470	2.81982
470.1	2.81956
470.2	2.8193
470.3	2.81903
470.4	2.81877
470.5	2.81851
470.6	2.81825
470.7	2.81799
470.8	2.81773
470.9	2.81747
471	2.81722
471.1	2.81696
471.2	2.8167
471.3	2.81644
471.4	2.81618
471.5	2.81592
471.6	2.81566
471.7	2.8154
471.8	2.81514
471.9	2.81488
472	2.81463
472.1	2.81437
472.2	2.81411
472.3	2.81385
472.4	2.81359
472.5	2.81334
472.6	2.81308
472.7	2.81282
472.8	2.81256
472.9	2.81231
473	2.81205
473.1	2.81179
473.2	2.81153
473.3	2.81128
473.4	2.81102
473.5	2.81076
473.6	2.81051
473.7	2.81025
473.8	2.80999
473.9	2.80974
474	2.80948
474.1	2.80923
474.2	2.80897
474.3	2.80871
474.4	2.80846
474.5	2.8082
474.6	2.80795
474.7	2.80769
474.8	2.80744
474.9	2.80718
475	2.80693
475.1	2.80667
475.2	2.80642
475.3	2.80616
475.4	2.80591
475.5	2.80565
475.6	2.8054
475.7	2.80515
475.8	2.80489
475.9	2.80464
476	2.80438
476.1	2.80413
476.2	2.80388
476.3	2.80362
476.4	2.80337
476.5	2.80312
476.6	2.80286
476.7	2.80261
476.8	2.80236
476.9	2.8021
477	2.80185
477.1	2.8016
477.2	2.80135
477.3	2.80109
477.4	2.80084
477.5	2.80059
477.6	2.80034
477.7	2.80009
477.8	2.79983
477.9	2.79958
478	2.79933
478.1	2.79908
478.2	2.79883
478.3	2.79858
478.4	2.79833
478.5	2.79807
478.6	2.79782
478.7	2.79757
478.8	2.79732
478.9	2.79707
479	2.79682
479.1	2.79657
479.2	2.79632
479.3	2.79607
479.4	2.79582
479.5	2.79557
479.6	2.79532
479.7	2.79507
479.8	2.79482
479.9	2.79457
480	2.79432
480.1	2.79407
480.2	2.79382
480.3	2.79357
480.4	2.79333
480.5	2.79308
480.6	2.79283
480.7	2.79258
480.8	2.79233
480.9	2.79208
481	2.79183
481.1	2.79159
481.2	2.79134
481.3	2.79109
481.4	2.79084
481.5	2.79059
481.6	2.79035
481.7	2.7901
481.8	2.78985
481.9	2.7896
482	2.78936
482.1	2.78911
482.2	2.78886
482.3	2.78862
482.4	2.78837
482.5	2.78812
482.6	2.78788
482.7	2.78763
482.8	2.78738
482.9	2.78714
483	2.78689
483.1	2.78665
483.2	2.7864
483.3	2.78615
483.4	2.78591
483.5	2.78566
483.6	2.78542
483.7	2.78517
483.8	2.78493
483.9	2.78468
484	2.78444
484.1	2.78419
484.2	2.78395
484.3	2.7837
484.4	2.78346
484.5	2.78321
484.6	2.78297
484.7	2.78272
484.8	2.78248
484.9	2.78223
485	2.78199
485.1	2.78175
485.2	2.7815
485.3	2.78126
485.4	2.78102
485.5	2.78077
485.6	2.78053
485.7	2.78029
485.8	2.78004
485.9	2.7798
486	2.77956
486.1	2.77931
486.2	2.77907
486.3	2.77883
486.4	2.77859
486.5	2.77834
486.6	2.7781
486.7	2.77786
486.8	2.77762
486.9	2.77738
487	2.77713
487.1	2.77689
487.2	2.77665
487.3	2.77641
487.4	2.77617
487.5	2.77593
487.6	2.77568
487.7	2.77544
487.8	2.7752
487.9	2.77496
488	2.77472
488.1	2.77448
488.2	2.77424
488.3	2.774
488.4	2.77376
488.5	2.77352
488.6	2.77328
488.7	2.77304
488.8	2.7728
488.9	2.77256
489	2.77232
489.1	2.77208
489.2	2.77184
489.3	2.7716
489.4	2.77136
489.5	2.77112
489.6	2.77088
489.7	2.77064
489.8	2.7704
489.9	2.77016
490	2.76993
490.1	2.76969
490.2	2.76945
490.3	2.76921
490.4	2.76897
490.5	2.76873
490.6	2.7685
490.7	2.76826
490.8	2.76802
490.9	2.76778
491	2.76754
491.1	2.76731
491.2	2.76707
491.3	2.76683
491.4	2.76659
491.5	2.76636
491.6	2.76612
491.7	2.76588
491.8	2.76565
491.9	2.76541
492	2.76517
492.1	2.76494
492.2	2.7647
492.3	2.76446
492.4	2.76423
492.5	2.76399
492.6	2.76376
492.7	2.76352
492.8	2.76328
492.9	2.76305
493	2.76281
493.1	2.76258
493.2	2.76234
493.3	2.76211
493.4	2.76187
493.5	2.76164
493.6	2.7614
493.7	2.76117
493.8	2.76093
493.9	2.7607
494	2.76046
494.1	2.76023
494.2	2.75999
494.3	2.75976
494.4	2.75952
494.5	2.75929
494.6	2.75906
494.7	2.75882
494.8	2.75859
494.9	2.75835
495	2.75812
495.1	2.75789
495.2	2.75765
495.3	2.75742
495.4	2.75719
495.5	2.75695
495.6	2.75672
495.7	2.75649
495.8	2.75625
495.9	2.75602
496	2.75579
496.1	2.75556
496.2	2.75532
496.3	2.75509
496.4	2.75486
496.5	2.75463
496.6	2.7544
496.7	2.75416
496.8	2.75393
496.9	2.7537
497	2.75347
497.1	2.75324
497.2	2.75301
497.3	2.75277
497.4	2.75254
497.5	2.75231
497.6	2.75208
497.7	2.75185
497.8	2.75162
497.9	2.75139
498	2.75116
498.1	2.75093
498.2	2.7507
498.3	2.75047
498.4	2.75024
498.5	2.75001
498.6	2.74978
498.7	2.74955
498.8	2.74932
498.9	2.74909
499	2.74886
499.1	2.74863
499.2	2.7484
499.3	2.74817
499.4	2.74794
499.5	2.74771
499.6	2.74748
499.7	2.74725
499.8	2.74702
499.9	2.74679
